191
Pseudoepedanus          0.0000000 0.0106822 0.0106822 0.0106742 0.0074855 0.0088601 0.0088601 0.0000010 0.0089010 0.0074414 0.0058251 0.0088196 0.0073155 0.0079041 0.0073155 0.0073155 0.0073155 0.0073155 0.0088196 0.0073155 0.0088502 0.0073155 0.0088823 0.0088196 0.0103846 0.0103846 0.0103846 0.0135771 0.0104325 0.0136970 0.0122220 0.0089741 0.0103846 0.0105480 0.0088196 0.0088196 0.0151091 0.0089010 0.0135365 0.0143225 0.0122266 0.0103846 0.0172572 0.0058519 0.0000010 0.0124472 0.0124331 0.0107895 0.0107895 0.0107895 0.0107895 0.0107895 0.0123872 0.0103846 0.0058732 0.0058251 0.0073492 0.0073492 0.0090435 0.0075013 0.0090435 0.0090435 0.0120068 0.0121158 0.0229404 0.0136856 0.0120230 0.0135884 0.0120230 0.0169782 0.0089326 0.0089326 0.0089326 0.0090080 0.0089640 0.0089483 0.0090161 0.0059068 0.0113411 0.0139258 0.0142808 0.0000010 0.0210569 0.0245403 0.0176578 0.0088196 0.0230172 0.0231357 0.0230172 0.0270248 0.0043483 0.0028720 0.0043483 0.0043285 0.0000010 0.0000010 0.0000010 0.0000010 0.0000010 0.0070062 0.0048328 0.0000010 0.0185976 0.0000010 0.0000010 0.0000010 0.0000010 0.0000010 0.0000010 0.0000010 0.0000010 0.0000010 0.0000010 0.0000010 0.0000010 0.0000010 0.0000010 0.0000010 0.0000010 0.0000010 0.0000010 0.0073718 0.0000010 0.0000010 0.0000010 0.0000010 0.0000010 0.0000010 0.0000010 0.0000010 0.0000010 0.0000010 0.0000010 0.0000010 0.0000010 0.0000010 0.0000010 0.0000010 0.0000010 0.0000010 0.0000010 0.0000010 0.0000010 0.0000010 0.0000010 0.0000010 0.0000010 0.0000010 0.0000010 0.0043546 0.0000010 0.0000010 0.0000010 0.0000010 0.0000010 0.0000010 0.0142962 0.0459657 0.0185976 0.0000010 0.0043321 0.0000010 0.0000010 0.0118486 0.0073718 0.0000010 0.0090914 0.0089405 0.0253128 0.1750875 0.0141430 0.0138087 0.0136835 0.0139362 0.0136492 0.0089156 0.0049085 0.0000010 0.0227673 0.0000010 0.0281909 0.0142971 0.0544491 0.0489025 0.0496588 0.0472167 0.0000010 0.0460497 0.0820687 0.0907206 0.0759904 
Agoristenidae_DNA105839 0.0106822 0.0000000 0.0023862 0.0176807 0.0175887 0.0161260 0.0161260 0.0115773 0.0153411 0.0176703 0.0161763 0.0113710 0.0140519 0.0133696 0.0127255 0.0141753 0.0142235 0.0106778 0.0196001 0.0189108 0.0140257 0.0146695 0.0140480 0.0132957 0.0154715 0.0168554 0.0173722 0.0161994 0.0153970 0.0225867 0.0205442 0.0155017 0.0155300 0.0177234 0.0147722 0.0140534 0.0153991 0.0147293 0.0182378 0.0194238 0.0168656 0.0174408 0.0285190 0.0224382 0.0202402 0.0220474 0.0160978 0.0154614 0.0149722 0.0168125 0.0174925 0.0167798 0.0190175 0.0183277 0.0165978 0.0165359 0.0170339 0.0148540 0.0155262 0.0133919 0.0168036 0.0167946 0.0188508 0.0187149 0.0186165 0.0321555 0.0262364 0.0258794 0.0283841 0.0357766 0.0190039 0.0190039 0.0227133 0.0192697 0.0192018 0.0191872 0.0298705 0.0199936 0.0243336 0.0327544 0.0306878 0.0154614 0.0438727 0.0450431 0.0352216 0.0331168 0.0406026 0.0406939 0.0396559 0.0430313 0.0246005 0.0182257 0.0188871 0.0189528 0.0127568 0.0114170 0.0096522 0.0112776 0.0084029 0.0109579 0.0141143 0.0071994 0.0137277 0.0140875 0.0095238 0.0095279 0.0095657 0.0095546 0.0096519 0.0095558 0.0097178 0.0095693 0.0108928 0.0108039 0.0108604 0.0095962 0.0095868 0.0136087 0.0095477 0.0095153 0.0108246 0.0148823 0.0108558 0.0166039 0.0095331 0.0109609 0.0120253 0.0098624 0.0096098 0.0083418 0.0100130 0.0108201 0.0120832 0.0110380 0.0084015 0.0096316 0.0109432 0.0122397 0.0147966 0.0097056 0.0108353 0.0121963 0.0125248 0.0083777 0.0121761 0.0124551 0.0095975 0.0095606 0.0101681 0.0109397 0.0085210 0.0085079 0.0109397 0.0122959 0.0083832 0.0096964 0.0150899 0.0167883 0.0139632 0.0112372 0.0121789 0.0119888 0.0110203 0.0162894 0.0178470 0.0261583 0.0263159 0.0263735 0.0312435 0.0429836 0.0314034 0.0310586 0.0310231 0.0330346 0.0311930 0.0288740 0.0240735 0.0178193 0.0444524 0.0101349 0.0447781 0.0365491 0.0748709 0.0798996 0.0846881 0.0739542 0.0122109 0.0753191 0.1100886 0.1236332 0.1159506 
Trinella                0.0106822 0.0023862 0.0000000 0.0186056 0.0171606 0.0172465 0.0172373 0.0146634 0.0177837 0.0187802 0.0158078 0.0111010 0.0137154 0.0133696 0.0124215 0.0138319 0.0138788 0.0110799 0.0191225 0.0184505 0.0149912 0.0156224 0.0150145 0.0142693 0.0150979 0.0151249 0.0159162 0.0158066 0.0150262 0.0220289 0.0200371 0.0158709 0.0164782 0.0172890 0.0157291 0.0150200 0.0158766 0.0152132 0.0193360 0.0209159 0.0182676 0.0185396 0.0285728 0.0218878 0.0197476 0.0226158 0.0163979 0.0157747 0.0156584 0.0170988 0.0177652 0.0170663 0.0192613 0.0178801 0.0168958 0.0168341 0.0166171 0.0144948 0.0151500 0.0130716 0.0167366 0.0163889 0.0187835 0.0179802 0.0195249 0.0336128 0.0263037 0.0266537 0.0291164 0.0363697 0.0185631 0.0185396 0.0221497 0.0187926 0.0187280 0.0187141 0.0299449 0.0218145 0.0249531 0.0318838 0.0298850 0.0168250 0.0426996 0.0454566 0.0358284 0.0337589 0.0387923 0.0389011 0.0387756 0.0419938 0.0247288 0.0191237 0.0197720 0.0184908 0.0141938 0.0130102 0.0109791 0.0128499 0.0097103 0.0124815 0.0168699 0.0097074 0.0170098 0.0174625 0.0120360 0.0120409 0.0124533 0.0120749 0.0121993 0.0120769 0.0122836 0.0120939 0.0134609 0.0133499 0.0134202 0.0108757 0.0121161 0.0168612 0.0120669 0.0120253 0.0133760 0.0160109 0.0134147 0.0202207 0.0120479 0.0135474 0.0145886 0.0124687 0.0121454 0.0108440 0.0126604 0.0133705 0.0146595 0.0136408 0.0109220 0.0121726 0.0135231 0.0148511 0.0174527 0.0122668 0.0133894 0.0147966 0.0152011 0.0108911 0.0147731 0.0157921 0.0121302 0.0120832 0.0128596 0.0135196 0.0110774 0.0110621 0.0135196 0.0149179 0.0108990 0.0122554 0.0180522 0.0201078 0.0173060 0.0142267 0.0147772 0.0148279 0.0136203 0.0192288 0.0206882 0.0290883 0.0279244 0.0279881 0.0329421 0.0454455 0.0331138 0.0327477 0.0327099 0.0347698 0.0328899 0.0305018 0.0256890 0.0176287 0.0432668 0.0128164 0.0452003 0.0355791 0.0742585 0.0789176 0.0856936 0.0696796 0.0148145 0.0721724 0.1083102 0.1214831 0.1163978 
Arulla_DNA102666        0.0106742 0.0176807 0.0186056 0.0000000 0.0047431 0.0125413 0.0125413 0.0056616 0.0123674 0.0126731 0.0137206 0.0124046 0.0110827 0.0081398 0.0098131 0.0118214 0.0118601 0.0124283 0.0150546 0.0157129 0.0164000 0.0157161 0.0157107 0.0156601 0.0131207 0.0143997 0.0144035 0.0151301 0.0130998 0.0192049 0.0164821 0.0130721 0.0151092 0.0165422 0.0157630 0.0150514 0.0185045 0.0164968 0.0221073 0.0238185 0.0197656 0.0178505 0.0304119 0.0218706 0.0226140 0.0281588 0.0216765 0.0208479 0.0219639 0.0224223 0.0231247 0.0223794 0.0283095 0.0178057 0.0232828 0.0231958 0.0202073 0.0193520 0.0167456 0.0180122 0.0220425 0.0215810 0.0160067 0.0143570 0.0218819 0.0319978 0.0250763 0.0251204 0.0275458 0.0332017 0.0185446 0.0185310 0.0251701 0.0202696 0.0201992 0.0201841 0.0296640 0.0208276 0.0269616 0.0302376 0.0290245 0.0180940 0.0346429 0.0387388 0.0279191 0.0261728 0.0369673 0.0370479 0.0369282 0.0440868 0.0246328 0.0191180 0.0169589 0.0225601 0.0128068 0.0144583 0.0121999 0.0142793 0.0122616 0.0109579 0.0114167 0.0035458 0.0074522 0.0076434 0.0046748 0.0046769 0.0067471 0.0046900 0.0047367 0.0046902 0.0047684 0.0046968 0.0059403 0.0058927 0.0059232 0.0047099 0.0047054 0.0073895 0.0046861 0.0071105 0.0059038 0.0166683 0.0059205 0.0097176 0.0070713 0.0047330 0.0070842 0.0048378 0.0047165 0.0083110 0.0049109 0.0059012 0.0071178 0.0109965 0.0083702 0.0071441 0.0084176 0.0071169 0.0096864 0.0071986 0.0059095 0.0071846 0.0073732 0.0059178 0.0071718 0.0060795 0.0071184 0.0071443 0.0049849 0.0059654 0.0109976 0.0084758 0.0059654 0.0084298 0.0059657 0.0059708 0.0123775 0.0152462 0.0141351 0.0113608 0.0097623 0.0065299 0.0060087 0.0106475 0.0191799 0.0290883 0.0260457 0.0261018 0.0309136 0.0423711 0.0310699 0.0307322 0.0306974 0.0326818 0.0308639 0.0257958 0.0254233 0.0196448 0.0474789 0.0049695 0.0400385 0.0392509 0.0756160 0.0771104 0.0812830 0.0704548 0.0174063 0.0697038 0.1064778 0.1195967 0.1112274 
Assamiidae_DNA104069    0.0074855 0.0175887 0.0171606 0.0047431 0.0000000 0.0124788 0.0124724 0.0041965 0.0117062 0.0125843 0.0110796 0.0123370 0.0110227 0.0080622 0.0097602 0.0117568 0.0117951 0.0123604 0.0136718 0.0143206 0.0176050 0.0169430 0.0169138 0.0155741 0.0130488 0.0143206 0.0136230 0.0150454 0.0130281 0.0177561 0.0150705 0.0124037 0.0150248 0.0164257 0.0156747 0.0149686 0.0170679 0.0150851 0.0206126 0.0222178 0.0196626 0.0177507 0.0310854 0.0190459 0.0197387 0.0280623 0.0215935 0.0207688 0.0203878 0.0223362 0.0230357 0.0222936 0.0281981 0.0157159 0.0217118 0.0216640 0.0173680 0.0165516 0.0153114 0.0166841 0.0205195 0.0200824 0.0158921 0.0164099 0.0239958 0.0310766 0.0220072 0.0249763 0.0273861 0.0330071 0.0171134 0.0170918 0.0222243 0.0173949 0.0173355 0.0173355 0.0276021 0.0180342 0.0276304 0.0345426 0.0309432 0.0179211 0.0344367 0.0400821 0.0277557 0.0274578 0.0401624 0.0402116 0.0401460 0.0457914 0.0231179 0.0176779 0.0155569 0.0197226 0.0140462 0.0128592 0.0108706 0.0127024 0.0109248 0.0080934 0.0100437 0.0023407 0.0058884 0.0060376 0.0034721 0.0034737 0.0053378 0.0034833 0.0035177 0.0034834 0.0035409 0.0034883 0.0047055 0.0046682 0.0046921 0.0034980 0.0034947 0.0058396 0.0034803 0.0058675 0.0046769 0.0138650 0.0046900 0.0079901 0.0058353 0.0047330 0.0058460 0.0035919 0.0035028 0.0046682 0.0036458 0.0046748 0.0058734 0.0072049 0.0047010 0.0058951 0.0047274 0.0059481 0.0083917 0.0059396 0.0046814 0.0059282 0.0060820 0.0046879 0.0059176 0.0045020 0.0058738 0.0058951 0.0037000 0.0047253 0.0072052 0.0047593 0.0047253 0.0084298 0.0071411 0.0047296 0.0137093 0.0135517 0.0124028 0.0098250 0.0109539 0.0078137 0.0047592 0.0119422 0.0183143 0.0274786 0.0276433 0.0277054 0.0326092 0.0448578 0.0327774 0.0324179 0.0323808 0.0344174 0.0325577 0.0301990 0.0254233 0.0205540 0.0472012 0.0036888 0.0417059 0.0402447 0.0751896 0.0795045 0.0880859 0.0690260 0.0160018 0.0719976 0.1067017 0.1198399 0.1138165 
Assamiidae_DNA104857    0.0088601 0.0161260 0.0172465 0.0125413 0.0124788 0.0000000 0.0000010 0.0013854 0.0097467 0.0011686 0.0118166 0.0098294 0.0097958 0.0079041 0.0085389 0.0105167 0.0105508 0.0104644 0.0124245 0.0130702 0.0150462 0.0156795 0.0157834 0.0143216 0.0118025 0.0130702 0.0137381 0.0137861 0.0098294 0.0164782 0.0138581 0.0099356 0.0163347 0.0184780 0.0163578 0.0156455 0.0129636 0.0123231 0.0171600 0.0186085 0.0153470 0.0123362 0.0263353 0.0191307 0.0212953 0.0260030 0.0196402 0.0188316 0.0205899 0.0203764 0.0210718 0.0203371 0.0247574 0.0185314 0.0218463 0.0217652 0.0194320 0.0185901 0.0153629 0.0188728 0.0213896 0.0209419 0.0160262 0.0145246 0.0233121 0.0294246 0.0216580 0.0227710 0.0265428 0.0321014 0.0178595 0.0178464 0.0200593 0.0180892 0.0180272 0.0180138 0.0271670 0.0187074 0.0243336 0.0280230 0.0268524 0.0167238 0.0362409 0.0392389 0.0300786 0.0281515 0.0355421 0.0356195 0.0346760 0.0399728 0.0233050 0.0191682 0.0170049 0.0198850 0.0114062 0.0128592 0.0108706 0.0127024 0.0109248 0.0080934 0.0100437 0.0011652 0.0029167 0.0029899 0.0011481 0.0011486 0.0026465 0.0011517 0.0011630 0.0011518 0.0011707 0.0011534 0.0000010 0.0000010 0.0000010 0.0011566 0.0011555 0.0028928 0.0011508 0.0034946 0.0023211 0.0124942 0.0000010 0.0047460 0.0034754 0.0023485 0.0034817 0.0011874 0.0011582 0.0046682 0.0012050 0.0023200 0.0034980 0.0072049 0.0047010 0.0035109 0.0047274 0.0059481 0.0059504 0.0035373 0.0023232 0.0035306 0.0036212 0.0023265 0.0035242 0.0014853 0.0034981 0.0035109 0.0012229 0.0023448 0.0072052 0.0047593 0.0023448 0.0059766 0.0047254 0.0000010 0.0108778 0.0135517 0.0124028 0.0098250 0.0084560 0.0051682 0.0023616 0.0092151 0.0148139 0.0245031 0.0276433 0.0277054 0.0326092 0.0403526 0.0296106 0.0292891 0.0292562 0.0312088 0.0294150 0.0273766 0.0254233 0.0169629 0.0438761 0.0012192 0.0440656 0.0351443 0.0692427 0.0777288 0.0808664 0.0691615 0.0160018 0.0690407 0.1080535 0.1244203 0.1124899 
Paktongius              0.0088601 0.0161260 0.0172373 0.0125413 0.0124724 0.0000010 0.0000000 0.0013854 0.0097419 0.0011680 0.0118106 0.0098245 0.0097909 0.0079041 0.0085346 0.0105113 0.0105455 0.0104591 0.0124181 0.0130635 0.0150384 0.0156713 0.0157751 0.0143143 0.0117965 0.0130635 0.0137381 0.0137790 0.0098245 0.0164695 0.0138509 0.0099305 0.0163262 0.0184682 0.0163493 0.0156374 0.0129570 0.0123169 0.0171509 0.0186085 0.0153470 0.0123299 0.0263203 0.0191205 0.0212838 0.0260030 0.0196295 0.0188214 0.0205899 0.0203652 0.0210602 0.0203259 0.0247435 0.0185215 0.0218342 0.0217531 0.0194215 0.0185802 0.0153547 0.0188626 0.0213896 0.0209304 0.0160262 0.0145246 0.0232990 0.0294079 0.0216580 0.0227586 0.0265279 0.0320828 0.0178595 0.0178369 0.0200485 0.0180794 0.0180175 0.0180042 0.0271670 0.0187074 0.0243336 0.0280065 0.0268369 0.0167238 0.0362191 0.0392150 0.0300612 0.0281355 0.0355207 0.0356195 0.0346760 0.0399482 0.0232924 0.0191580 0.0169960 0.0198744 0.0114062 0.0128592 0.0108706 0.0127024 0.0109248 0.0080934 0.0100437 0.0011652 0.0029167 0.0029899 0.0011481 0.0011486 0.0026465 0.0011517 0.0011630 0.0011518 0.0011707 0.0011534 0.0000010 0.0000010 0.0000010 0.0011566 0.0011555 0.0028928 0.0011508 0.0034946 0.0023211 0.0124878 0.0000010 0.0047460 0.0034754 0.0023485 0.0034817 0.0011874 0.0011582 0.0046682 0.0012050 0.0023200 0.0034980 0.0072049 0.0047010 0.0035109 0.0047274 0.0059481 0.0059504 0.0035373 0.0023232 0.0035306 0.0036212 0.0023265 0.0035242 0.0014853 0.0034981 0.0035109 0.0012229 0.0023448 0.0072052 0.0047593 0.0023448 0.0059766 0.0047254 0.0000010 0.0108778 0.0135517 0.0124028 0.0098250 0.0084560 0.0051682 0.0023616 0.0092151 0.0148139 0.0245031 0.0276433 0.0277054 0.0326092 0.0403526 0.0296106 0.0292891 0.0292562 0.0312088 0.0294150 0.0273766 0.0254233 0.0169629 0.0438492 0.0012192 0.0440381 0.0351229 0.0691949 0.0776740 0.0808057 0.0691142 0.0160018 0.0689933 0.1079717 0.1243236 0.1124043 
Chilon                  0.0000010 0.0115773 0.0146634 0.0056616 0.0041965 0.0013854 0.0013854 0.0000000 0.0000010 0.0013854 0.0042106 0.0056395 0.0056395 0.0000010 0.0042106 0.0072228 0.0087728 0.0056646 0.0085686 0.0085686 0.0100461 0.0100461 0.0100461 0.0070566 0.0086753 0.0116196 0.0116196 0.0101659 0.0070810 0.0085686 0.0101170 0.0071088 0.0101711 0.0163373 0.0148359 0.0101221 0.0131951 0.0116776 0.0116349 0.0116349 0.0101080 0.0071564 0.0100909 0.0116872 0.0116872 0.0231530 0.0132511 0.0132511 0.0130880 0.0132511 0.0132511 0.0164107 0.0252094 0.0132940 0.0147978 0.0147978 0.0202022 0.0183416 0.0102490 0.0199461 0.0149721 0.0149535 0.0132377 0.0085686 0.0218506 0.0250492 0.0181849 0.0149083 0.0199659 0.0198839 0.0114902 0.0114902 0.0147843 0.0133042 0.0133042 0.0133042 0.0403217 0.0285876 0.0117676 0.0190207 0.0153066 0.0200533 0.0478771 0.0474879 0.0328429 0.0389148 0.0283889 0.0283889 0.0283889 0.0318191 0.0147360 0.0116872 0.0101361 0.0181416 0.0117720 0.0136039 0.0116776 0.0133625 0.0117826 0.0079416 0.0107218 0.0000010 0.0017408 0.0017932 0.0000010 0.0000010 0.0015517 0.0000010 0.0000010 0.0000010 0.0000010 0.0000010 0.0013963 0.0013854 0.0013854 0.0000010 0.0000010 0.0000010 0.0000010 0.0013877 0.0000010 0.0056453 0.0013854 0.0035429 0.0013827 0.0000010 0.0013819 0.0000010 0.0000010 0.0041965 0.0000010 0.0013934 0.0027884 0.0028119 0.0027791 0.0013812 0.0027822 0.0042154 0.0041965 0.0013812 0.0000010 0.0000010 0.0000010 0.0013919 0.0027775 0.0000010 0.0013920 0.0013932 0.0000010 0.0000010 0.0056842 0.0027729 0.0000010 0.0028419 0.0042247 0.0014127 0.0112245 0.0144853 0.0131289 0.0099887 0.0072116 0.0045162 0.0000010 0.0075856 0.0057258 0.0304194 0.0302448 0.0303447 0.0300965 0.0507380 0.0362144 0.0360825 0.0360321 0.0383629 0.0364031 0.0319572 0.0275506 0.0147738 0.0318141 0.0000010 0.0665434 0.0609783 0.0458946 0.0661828 0.0680973 0.0667861 0.0182334 0.0629670 0.0694633 0.0770424 0.0779846 
Paraselenca             0.0089010 0.0153411 0.0177837 0.0123674 0.0117062 0.0097467 0.0097419 0.0000010 0.0000000 0.0098417 0.0085172 0.0123307 0.0110179 0.0079434 0.0097567 0.0117511 0.0117894 0.0116931 0.0149617 0.0143115 0.0162961 0.0156175 0.0156132 0.0142649 0.0130415 0.0143115 0.0150508 0.0150353 0.0136150 0.0177415 0.0158020 0.0117511 0.0143370 0.0170715 0.0149825 0.0142832 0.0141952 0.0122742 0.0184258 0.0199427 0.0139650 0.0122872 0.0293293 0.0169083 0.0190113 0.0234787 0.0173210 0.0165457 0.0165179 0.0180360 0.0187145 0.0180014 0.0236935 0.0163358 0.0223051 0.0222229 0.0179982 0.0171767 0.0139729 0.0159715 0.0183788 0.0179904 0.0187769 0.0136898 0.0211489 0.0302496 0.0208449 0.0249458 0.0273490 0.0344510 0.0184026 0.0183794 0.0200186 0.0180529 0.0179912 0.0179779 0.0243647 0.0195669 0.0259120 0.0319152 0.0299154 0.0154205 0.0393590 0.0401527 0.0317157 0.0289718 0.0343254 0.0344199 0.0334937 0.0404039 0.0223348 0.0163132 0.0142246 0.0183343 0.0100612 0.0113323 0.0095917 0.0111950 0.0096390 0.0066885 0.0087214 0.0000010 0.0014440 0.0014799 0.0000010 0.0000010 0.0013115 0.0000010 0.0000010 0.0000010 0.0000010 0.0000010 0.0011582 0.0011492 0.0011550 0.0000010 0.0000010 0.0014330 0.0000010 0.0023125 0.0011514 0.0135994 0.0011545 0.0031322 0.0022998 0.0011650 0.0023041 0.0000010 0.0000010 0.0034754 0.0000010 0.0011509 0.0023147 0.0059595 0.0034997 0.0023233 0.0035193 0.0047231 0.0047251 0.0023406 0.0011525 0.0023362 0.0023957 0.0011541 0.0023320 0.0000010 0.0023148 0.0023232 0.0000010 0.0011628 0.0059596 0.0035427 0.0011628 0.0047455 0.0035177 0.0011641 0.0094391 0.0119360 0.0107503 0.0083488 0.0071935 0.0038451 0.0011714 0.0078355 0.0146053 0.0259810 0.0261366 0.0261932 0.0310263 0.0425873 0.0311838 0.0308435 0.0308085 0.0328030 0.0309763 0.0258849 0.0239063 0.0207019 0.0470930 0.0000010 0.0459073 0.0367045 0.0758771 0.0822328 0.0835391 0.0701720 0.0146635 0.0715552 0.1078522 0.1210309 0.1103710 
Assamiidae_DNA104859    0.0074414 0.0176703 0.0187802 0.0126731 0.0125843 0.0011686 0.0011680 0.0013854 0.0098417 0.0000000 0.0119338 0.0112094 0.0098918 0.0063758 0.0086223 0.0106206 0.0106554 0.0105673 0.0125474 0.0131996 0.0165006 0.0158364 0.0172284 0.0157805 0.0119194 0.0131996 0.0131308 0.0139243 0.0099260 0.0166435 0.0139970 0.0113312 0.0164972 0.0185626 0.0165208 0.0158017 0.0143917 0.0124441 0.0173323 0.0187077 0.0155109 0.0137545 0.0280752 0.0193228 0.0214553 0.0245514 0.0198422 0.0190240 0.0199601 0.0205863 0.0212890 0.0205463 0.0264624 0.0187181 0.0234082 0.0234082 0.0196301 0.0187780 0.0155188 0.0190662 0.0216256 0.0211566 0.0154150 0.0139146 0.0249910 0.0297272 0.0208920 0.0244079 0.0268155 0.0324353 0.0180490 0.0180259 0.0202244 0.0189257 0.0189012 0.0189012 0.0264237 0.0179752 0.0244658 0.0298482 0.0278834 0.0167238 0.0366267 0.0396552 0.0303929 0.0284422 0.0359213 0.0359432 0.0350669 0.0404028 0.0235405 0.0193609 0.0171742 0.0214597 0.0114062 0.0128592 0.0108706 0.0127024 0.0109248 0.0080934 0.0100437 0.0011652 0.0029167 0.0029899 0.0011481 0.0011486 0.0026465 0.0011517 0.0011630 0.0011518 0.0011707 0.0011534 0.0000010 0.0000010 0.0000010 0.0011566 0.0011555 0.0028928 0.0011508 0.0034946 0.0023211 0.0139338 0.0000010 0.0047460 0.0034754 0.0023485 0.0034817 0.0011874 0.0011582 0.0046682 0.0012050 0.0023200 0.0034980 0.0072049 0.0047010 0.0035109 0.0047274 0.0059481 0.0059504 0.0035373 0.0023232 0.0035306 0.0036212 0.0023265 0.0035242 0.0014853 0.0034981 0.0035109 0.0012229 0.0023448 0.0072052 0.0047593 0.0023448 0.0059766 0.0047254 0.0000010 0.0108778 0.0135517 0.0124028 0.0098250 0.0084560 0.0051682 0.0023616 0.0092151 0.0155163 0.0245031 0.0276433 0.0277054 0.0326092 0.0403526 0.0296106 0.0292891 0.0292562 0.0312088 0.0294150 0.0273766 0.0254233 0.0180308 0.0459607 0.0012192 0.0445380 0.0355228 0.0699923 0.0785645 0.0822576 0.0699045 0.0160018 0.0697846 0.1091935 0.1257166 0.1136695 
Assamiidae_DNA104858    0.0058251 0.0161763 0.0158078 0.0137206 0.0110796 0.0118166 0.0118106 0.0042106 0.0085172 0.0119338 0.0000000 0.0104314 0.0091376 0.0046713 0.0078888 0.0098485 0.0098803 0.0104512 0.0130313 0.0123872 0.0156572 0.0149808 0.0149767 0.0149288 0.0098522 0.0111060 0.0116577 0.0118037 0.0130340 0.0157690 0.0138408 0.0104689 0.0137022 0.0164268 0.0143463 0.0136505 0.0137588 0.0118152 0.0193933 0.0209490 0.0161867 0.0144262 0.0303405 0.0170211 0.0177291 0.0243788 0.0181567 0.0173667 0.0175136 0.0188819 0.0195689 0.0188455 0.0246163 0.0157550 0.0201075 0.0200342 0.0165249 0.0157263 0.0106322 0.0153208 0.0190657 0.0186897 0.0166600 0.0150747 0.0197442 0.0288887 0.0191427 0.0228795 0.0252435 0.0304537 0.0164255 0.0164049 0.0208081 0.0173959 0.0173365 0.0173237 0.0246558 0.0180483 0.0268737 0.0337599 0.0301861 0.0168884 0.0370778 0.0404343 0.0295357 0.0282886 0.0348239 0.0349209 0.0348070 0.0382409 0.0190554 0.0169910 0.0148864 0.0176900 0.0129018 0.0115632 0.0097572 0.0114203 0.0098062 0.0068182 0.0115010 0.0023472 0.0075181 0.0077126 0.0047075 0.0047096 0.0068012 0.0047228 0.0047702 0.0047231 0.0035510 0.0047298 0.0059823 0.0059340 0.0059649 0.0035077 0.0047385 0.0074543 0.0047189 0.0059231 0.0047209 0.0138742 0.0059623 0.0098102 0.0058903 0.0047781 0.0059012 0.0048728 0.0047498 0.0059340 0.0049470 0.0059427 0.0047431 0.0059401 0.0034883 0.0046662 0.0011596 0.0023360 0.0071171 0.0047011 0.0047254 0.0059849 0.0061418 0.0059595 0.0047792 0.0061346 0.0059296 0.0059513 0.0050220 0.0060078 0.0059402 0.0035310 0.0060078 0.0085123 0.0084743 0.0060132 0.0153754 0.0153802 0.0142637 0.0114549 0.0123828 0.0092857 0.0048048 0.0135188 0.0169261 0.0264447 0.0232867 0.0233338 0.0280477 0.0383784 0.0281864 0.0278808 0.0278496 0.0297707 0.0280009 0.0291869 0.0210305 0.0198493 0.0430019 0.0036997 0.0451759 0.0355248 0.0732900 0.0787269 0.0841099 0.0658629 0.0175296 0.0704816 0.1065401 0.1196545 0.1124091 
Baculigerus             0.0088196 0.0113710 0.0111010 0.0124046 0.0123370 0.0098294 0.0098245 0.0056395 0.0123307 0.0112094 0.0104314 0.0000000 0.0023303 0.0015408 0.0023303 0.0029436 0.0041499 0.0035063 0.0078266 0.0072106 0.0071168 0.0077137 0.0077616 0.0077377 0.0053422 0.0065425 0.0068657 0.0059655 0.0047018 0.0104013 0.0098013 0.0072483 0.0103134 0.0123042 0.0103268 0.0096686 0.0116595 0.0110251 0.0170049 0.0184432 0.0146019 0.0123092 0.0245774 0.0148445 0.0168351 0.0219019 0.0157360 0.0151143 0.0149454 0.0164328 0.0170963 0.0164016 0.0207638 0.0123393 0.0165943 0.0165348 0.0124425 0.0117006 0.0098193 0.0118519 0.0155453 0.0152203 0.0088531 0.0109500 0.0166599 0.0261257 0.0179700 0.0183311 0.0219176 0.0286365 0.0142795 0.0142619 0.0185298 0.0145055 0.0144571 0.0144466 0.0242544 0.0195614 0.0240255 0.0276568 0.0272346 0.0140495 0.0330919 0.0405227 0.0282054 0.0256746 0.0285369 0.0286135 0.0285212 0.0320638 0.0180770 0.0149192 0.0128680 0.0156022 0.0099955 0.0083653 0.0070968 0.0082650 0.0071312 0.0052920 0.0061429 0.0011611 0.0074217 0.0076113 0.0046597 0.0046618 0.0067221 0.0046748 0.0047212 0.0046750 0.0047527 0.0046815 0.0059208 0.0058735 0.0059038 0.0046946 0.0046901 0.0073594 0.0046709 0.0070873 0.0058846 0.0118340 0.0059012 0.0096746 0.0046641 0.0059559 0.0070612 0.0048216 0.0047011 0.0058735 0.0048943 0.0058820 0.0070945 0.0059993 0.0035225 0.0047120 0.0059484 0.0071853 0.0096543 0.0047476 0.0058902 0.0071609 0.0073482 0.0058984 0.0071482 0.0060540 0.0046949 0.0071209 0.0049677 0.0059458 0.0059995 0.0035661 0.0059458 0.0096988 0.0059460 0.0047431 0.0123304 0.0120373 0.0108433 0.0084141 0.0097297 0.0065064 0.0059888 0.0106079 0.0140632 0.0261682 0.0231982 0.0232448 0.0279348 0.0381593 0.0280722 0.0277693 0.0277383 0.0296484 0.0278883 0.0257112 0.0209507 0.0110010 0.0390757 0.0049525 0.0395365 0.0348414 0.0694462 0.0747321 0.0766028 0.0648710 0.0095772 0.0649219 0.1042492 0.1203664 0.1102062 
Fijicolana              0.0073155 0.0140519 0.0137154 0.0110827 0.0110227 0.0097958 0.0097909 0.0056395 0.0110179 0.0098918 0.0091376 0.0023303 0.0000000 0.0000010 0.0011571 0.0017526 0.0029429 0.0035169 0.0065750 0.0059657 0.0071389 0.0065223 0.0077859 0.0077618 0.0041255 0.0053148 0.0055754 0.0059457 0.0047162 0.0091113 0.0085141 0.0072240 0.0084011 0.0103446 0.0084118 0.0083993 0.0116196 0.0097299 0.0170614 0.0185073 0.0139409 0.0122670 0.0230801 0.0148929 0.0168904 0.0196935 0.0151264 0.0143805 0.0149999 0.0158220 0.0164853 0.0157918 0.0213384 0.0103740 0.0179986 0.0179336 0.0124833 0.0117385 0.0085298 0.0131924 0.0154893 0.0151665 0.0082472 0.0123287 0.0179451 0.0246389 0.0170713 0.0182667 0.0204785 0.0271059 0.0156309 0.0156115 0.0193032 0.0152441 0.0151929 0.0151817 0.0224666 0.0187018 0.0224809 0.0275525 0.0264066 0.0140495 0.0314796 0.0388118 0.0266660 0.0235225 0.0286378 0.0287149 0.0286220 0.0336998 0.0167099 0.0135781 0.0115594 0.0168540 0.0099955 0.0083653 0.0070968 0.0082650 0.0071312 0.0052920 0.0061429 0.0011611 0.0074217 0.0076113 0.0046597 0.0046618 0.0067221 0.0046748 0.0047212 0.0046750 0.0047527 0.0046815 0.0059208 0.0058735 0.0059038 0.0046946 0.0046901 0.0073594 0.0046709 0.0070873 0.0058846 0.0117929 0.0059012 0.0096746 0.0070483 0.0059559 0.0070612 0.0048216 0.0047011 0.0058735 0.0048943 0.0058820 0.0070945 0.0084618 0.0059151 0.0071207 0.0059484 0.0071853 0.0096543 0.0071748 0.0058902 0.0071609 0.0073482 0.0058984 0.0071482 0.0060540 0.0070952 0.0071209 0.0049677 0.0059458 0.0084624 0.0059889 0.0059458 0.0096988 0.0059460 0.0059511 0.0123304 0.0120373 0.0108433 0.0084141 0.0097297 0.0065064 0.0059888 0.0106079 0.0140122 0.0261682 0.0231982 0.0232448 0.0279348 0.0381593 0.0280722 0.0277693 0.0277383 0.0296484 0.0278883 0.0257112 0.0209507 0.0110778 0.0389317 0.0049525 0.0393872 0.0323552 0.0687228 0.0739317 0.0788842 0.0619937 0.0120568 0.0646814 0.0994159 0.1151697 0.1063047 
Stygnomma               0.0079041 0.0133696 0.0133696 0.0081398 0.0080622 0.0079041 0.0079041 0.0000010 0.0079434 0.0063758 0.0046713 0.0015408 0.0000010 0.0000000 0.0000010 0.0000010 0.0000010 0.0000010 0.0015408 0.0000010 0.0015465 0.0000010 0.0015523 0.0015408 0.0031134 0.0031134 0.0031134 0.0063425 0.0063225 0.0063998 0.0064898 0.0063469 0.0062912 0.0063962 0.0046713 0.0046713 0.0145870 0.0079434 0.0199340 0.0212221 0.0150651 0.0129660 0.0206613 0.0046943 0.0079543 0.0153591 0.0153437 0.0135161 0.0135161 0.0135161 0.0135161 0.0135161 0.0152803 0.0062912 0.0047125 0.0046713 0.0031134 0.0031134 0.0080802 0.0064312 0.0081624 0.0081624 0.0080415 0.0080406 0.0191835 0.0148296 0.0096649 0.0113323 0.0096649 0.0149212 0.0112760 0.0112760 0.0113891 0.0080458 0.0080037 0.0079886 0.0080538 0.0079840 0.0180381 0.0169649 0.0211271 0.0000010 0.0190364 0.0309163 0.0190364 0.0046713 0.0173337 0.0174285 0.0173337 0.0214135 0.0030972 0.0046943 0.0030972 0.0095329 0.0000010 0.0000010 0.0000010 0.0000010 0.0000010 0.0107698 0.0000010 0.0000010 0.2192479 9.0000000 0.0000010 0.0000010 0.0000010 0.0000010 0.0000010 0.0000010 0.0000010 0.0000010 0.0000010 0.0000010 0.0000010 0.0000010 0.0000010 0.0000010 0.0000010 0.0000010 0.0000010 0.0095653 0.0000010 0.0000010 0.0000010 0.0000010 0.0000010 0.0000010 0.0000010 0.0000010 0.0000010 0.0000010 0.0000010 0.0000010 0.0000010 0.0000010 0.0000010 0.0000010 0.0000010 0.0000010 0.0000010 0.0000010 0.0000010 0.0000010 0.0000010 9.0000000 0.0000010 0.0000010 0.0000010 0.0055922 0.0000010 0.0000010 0.0000010 0.0000010 0.0000010 0.0000010 0.0219168 0.1481742 0.2192479 0.0000010 0.0055554 0.0000010 0.0000010 0.0169491 0.0095653 0.0000010 0.0056398 0.0000010 0.0258419 9.0000000 0.0057985 0.0056295 0.0055669 0.0056935 0.0054686 0.0055043 0.0055770 0.0000010 0.0230240 0.0000010 0.0206901 0.0154178 0.0602081 0.0505709 0.0516763 0.0514965 0.0000010 0.0383743 0.0846796 0.0942098 0.0838581 
Pellobunus              0.0073155 0.0127255 0.0124215 0.0098131 0.0097602 0.0085389 0.0085346 0.0042106 0.0097567 0.0086223 0.0078888 0.0023303 0.0011571 0.0000010 0.0000000 0.0017526 0.0017588 0.0023355 0.0065750 0.0059657 0.0071389 0.0065223 0.0077859 0.0077618 0.0029353 0.0041178 0.0043189 0.0047383 0.0047162 0.0091113 0.0072696 0.0059968 0.0078004 0.0097351 0.0078102 0.0071717 0.0103575 0.0084815 0.0157396 0.0171201 0.0126261 0.0109992 0.0230801 0.0136009 0.0155810 0.0196935 0.0138130 0.0130812 0.0135807 0.0145025 0.0151611 0.0144747 0.0199714 0.0097628 0.0166502 0.0165903 0.0111922 0.0104629 0.0072831 0.0118908 0.0141445 0.0138507 0.0075826 0.0123287 0.0166004 0.0232560 0.0161769 0.0169436 0.0191274 0.0256897 0.0143263 0.0143085 0.0193032 0.0152441 0.0151929 0.0151817 0.0224161 0.0178461 0.0210379 0.0260791 0.0249610 0.0128341 0.0300009 0.0372639 0.0252402 0.0227883 0.0286378 0.0287149 0.0286220 0.0336998 0.0154147 0.0122978 0.0103038 0.0155481 0.0087131 0.0069412 0.0058922 0.0068582 0.0059205 0.0039526 0.0048957 0.0000010 0.0059096 0.0060598 0.0034818 0.0034833 0.0053550 0.0034930 0.0035275 0.0034931 0.0035510 0.0034980 0.0047189 0.0046813 0.0047054 0.0035077 0.0035044 0.0058603 0.0034900 0.0058843 0.0046901 0.0105113 0.0047033 0.0080216 0.0058519 0.0047465 0.0058626 0.0036022 0.0035126 0.0046813 0.0036564 0.0046880 0.0058902 0.0072261 0.0047144 0.0059120 0.0047409 0.0059654 0.0084166 0.0059568 0.0046946 0.0059453 0.0061000 0.0047011 0.0059347 0.0045183 0.0058906 0.0059121 0.0037109 0.0047387 0.0072264 0.0047730 0.0047387 0.0084549 0.0047389 0.0047431 0.0109149 0.0104836 0.0092499 0.0069810 0.0084812 0.0051844 0.0047729 0.0092452 0.0126896 0.0247709 0.0218318 0.0218742 0.0265113 0.0361704 0.0266401 0.0263533 0.0263241 0.0282009 0.0264664 0.0243387 0.0195701 0.0101732 0.0374035 0.0036997 0.0378172 0.0316465 0.0668411 0.0730472 0.0779263 0.0610175 0.0108128 0.0637620 0.0994159 0.1151697 0.1063047 
Icaleptes_DNA104056     0.0073155 0.0141753 0.0138319 0.0118214 0.0117568 0.0105167 0.0105113 0.0072228 0.0117511 0.0106206 0.0098485 0.0029436 0.0017526 0.0000010 0.0017526 0.0000000 0.0011604 0.0041449 0.0072467 0.0066300 0.0090497 0.0084183 0.0097186 0.0096882 0.0041255 0.0047239 0.0049555 0.0059457 0.0053600 0.0098200 0.0092175 0.0079071 0.0097368 0.0110672 0.0091058 0.0090922 0.0123582 0.0104453 0.0178796 0.0193782 0.0147307 0.0130141 0.0254185 0.0156754 0.0177006 0.0219783 0.0159235 0.0151645 0.0158612 0.0166290 0.0173004 0.0165971 0.0206892 0.0117592 0.0188409 0.0187721 0.0132469 0.0124859 0.0092345 0.0139685 0.0163092 0.0159660 0.0096207 0.0131204 0.0187847 0.0255546 0.0181814 0.0190951 0.0213420 0.0280621 0.0164282 0.0164076 0.0201595 0.0160491 0.0159945 0.0159827 0.0245368 0.0178860 0.0234199 0.0285508 0.0273775 0.0128775 0.0325102 0.0399413 0.0276254 0.0250980 0.0296369 0.0297174 0.0296208 0.0347755 0.0175085 0.0143430 0.0122936 0.0176616 0.0114854 0.0099942 0.0084488 0.0098719 0.0084906 0.0067669 0.0075278 0.0023705 0.0091359 0.0093753 0.0059428 0.0059454 0.0082545 0.0059622 0.0060227 0.0059627 0.0060638 0.0059711 0.0072510 0.0071919 0.0072296 0.0059881 0.0059823 0.0090572 0.0059574 0.0084374 0.0072057 0.0125443 0.0072264 0.0116023 0.0083903 0.0072952 0.0084058 0.0061536 0.0059966 0.0071919 0.0062481 0.0072025 0.0084463 0.0098716 0.0072437 0.0084778 0.0072852 0.0085562 0.0110855 0.0085434 0.0072127 0.0085264 0.0087546 0.0072230 0.0085114 0.0077681 0.0084472 0.0084781 0.0063441 0.0072822 0.0072532 0.0073360 0.0072822 0.0084860 0.0072824 0.0072886 0.0140229 0.0138918 0.0127246 0.0100546 0.0111750 0.0079828 0.0073359 0.0122057 0.0148075 0.0265401 0.0250034 0.0250566 0.0298873 0.0410968 0.0300389 0.0297090 0.0296752 0.0316590 0.0298380 0.0275615 0.0227407 0.0129690 0.0400476 0.0063240 0.0394588 0.0342480 0.0702571 0.0765953 0.0801470 0.0642643 0.0135344 0.0624888 0.1006224 0.1164606 0.1105429 
Icaleptes_DNA104053     0.0073155 0.0142235 0.0138788 0.0118601 0.0117951 0.0105508 0.0105455 0.0087728 0.0117894 0.0106554 0.0098803 0.0041499 0.0029429 0.0000010 0.0017588 0.0011604 0.0000000 0.0041576 0.0085141 0.0078907 0.0090783 0.0084448 0.0097496 0.0097191 0.0041381 0.0047384 0.0049715 0.0059642 0.0065970 0.0111258 0.0092472 0.0079322 0.0097679 0.0111030 0.0091348 0.0091211 0.0123984 0.0104790 0.0179398 0.0194465 0.0147804 0.0130565 0.0255075 0.0157283 0.0177597 0.0220553 0.0159770 0.0152151 0.0159189 0.0166851 0.0173589 0.0166530 0.0207597 0.0117975 0.0189055 0.0188362 0.0132910 0.0125269 0.0092643 0.0140153 0.0163653 0.0160198 0.0096531 0.0145412 0.0188489 0.0256425 0.0191827 0.0191593 0.0214147 0.0281599 0.0164831 0.0164623 0.0216144 0.0174583 0.0173984 0.0173855 0.0255899 0.0188239 0.0235047 0.0286542 0.0274752 0.0141851 0.0326262 0.0400848 0.0277225 0.0251850 0.0312393 0.0313247 0.0312229 0.0364574 0.0175674 0.0143901 0.0123334 0.0177204 0.0128961 0.0115574 0.0097530 0.0114147 0.0098020 0.0082120 0.0088740 0.0035914 0.0107948 0.0110813 0.0072028 0.0072060 0.0097412 0.0072265 0.0073006 0.0072272 0.0073509 0.0072375 0.0085453 0.0084750 0.0085198 0.0072582 0.0072510 0.0107004 0.0072208 0.0097399 0.0084914 0.0125857 0.0085161 0.0134451 0.0096854 0.0085984 0.0097033 0.0074611 0.0072685 0.0084750 0.0075765 0.0084877 0.0097505 0.0112193 0.0085364 0.0097869 0.0085857 0.0098784 0.0124427 0.0098633 0.0084998 0.0098434 0.0101102 0.0085120 0.0098263 0.0094445 0.0097518 0.0097874 0.0076945 0.0085824 0.0085476 0.0086464 0.0085824 0.0097964 0.0085827 0.0072886 0.0156048 0.0156330 0.0145054 0.0116304 0.0125470 0.0094159 0.0086464 0.0137134 0.0148578 0.0281626 0.0265953 0.0250566 0.0315764 0.0435728 0.0317398 0.0313883 0.0313521 0.0333877 0.0315253 0.0291761 0.0243363 0.0130280 0.0401896 0.0076696 0.0396015 0.0332927 0.0689657 0.0752516 0.0787016 0.0644917 0.0149137 0.0621780 0.0990831 0.1148071 0.1089355 
Guasinia                0.0073155 0.0106778 0.0110799 0.0124283 0.0123604 0.0104644 0.0104591 0.0056646 0.0116931 0.0105673 0.0104512 0.0035063 0.0035169 0.0000010 0.0023355 0.0041449 0.0041576 0.0000000 0.0090825 0.0084607 0.0071036 0.0064902 0.0077471 0.0077233 0.0053522 0.0065547 0.0068792 0.0071997 0.0059108 0.0116916 0.0098200 0.0085050 0.0103328 0.0123275 0.0103463 0.0096868 0.0109844 0.0091016 0.0136780 0.0149485 0.0125787 0.0129501 0.0231204 0.0135824 0.0142078 0.0190681 0.0130937 0.0124771 0.0121054 0.0137749 0.0144278 0.0137487 0.0193576 0.0123627 0.0139091 0.0138597 0.0111346 0.0104095 0.0098380 0.0131743 0.0169381 0.0165822 0.0088705 0.0123113 0.0194061 0.0233834 0.0171151 0.0183657 0.0205907 0.0272556 0.0156091 0.0155897 0.0192016 0.0151642 0.0151135 0.0151025 0.0233914 0.0169531 0.0210754 0.0261269 0.0250059 0.0115854 0.0316560 0.0390278 0.0268146 0.0243135 0.0284831 0.0285594 0.0270126 0.0313022 0.0154391 0.0135994 0.0128922 0.0168811 0.0074113 0.0055051 0.0046790 0.0054397 0.0047012 0.0039526 0.0061667 0.0011652 0.0074563 0.0076476 0.0046769 0.0046790 0.0067505 0.0046920 0.0047388 0.0046923 0.0047706 0.0046989 0.0059429 0.0058953 0.0059258 0.0047120 0.0047075 0.0073935 0.0046881 0.0046727 0.0059064 0.0111479 0.0059232 0.0097232 0.0070744 0.0059783 0.0070873 0.0048400 0.0047186 0.0058953 0.0049132 0.0059038 0.0071209 0.0084938 0.0059371 0.0071473 0.0059707 0.0072123 0.0096905 0.0072018 0.0059121 0.0071877 0.0073765 0.0059204 0.0071750 0.0060829 0.0071216 0.0046946 0.0049873 0.0059681 0.0084943 0.0060115 0.0059681 0.0097354 0.0035276 0.0059735 0.0123833 0.0120932 0.0108953 0.0084510 0.0097665 0.0065330 0.0060114 0.0106525 0.0147325 0.0232960 0.0203981 0.0204362 0.0250034 0.0340376 0.0251230 0.0248540 0.0248267 0.0266630 0.0249605 0.0228913 0.0181290 0.0101548 0.0374746 0.0049719 0.0396085 0.0349068 0.0655911 0.0728989 0.0777587 0.0631479 0.0095418 0.0659495 0.1021034 0.1180537 0.1090684 
Metabiantes_DNA100703   0.0088196 0.0196001 0.0191225 0.0150546 0.0136718 0.0124245 0.0124181 0.0085686 0.0149617 0.0125474 0.0130313 0.0078266 0.0065750 0.0015408 0.0065750 0.0072467 0.0085141 0.0090825 0.0000000 0.0005773 0.0141860 0.0135243 0.0149050 0.0140923 0.0097404 0.0109797 0.0115360 0.0116688 0.0090996 0.0035268 0.0053921 0.0065750 0.0149323 0.0170381 0.0149530 0.0129661 0.0176870 0.0157041 0.0207324 0.0223853 0.0189199 0.0170405 0.0307563 0.0211536 0.0218909 0.0248285 0.0186140 0.0178283 0.0180429 0.0193334 0.0200143 0.0192966 0.0250191 0.0157620 0.0222201 0.0221385 0.0187063 0.0178747 0.0144801 0.0194775 0.0206056 0.0201652 0.0137338 0.0165391 0.0245067 0.0293075 0.0228469 0.0233370 0.0256880 0.0311834 0.0176113 0.0175893 0.0199125 0.0158531 0.0157999 0.0157883 0.0293245 0.0213383 0.0280808 0.0326208 0.0306102 0.0180940 0.0357945 0.0454424 0.0312292 0.0265196 0.0310116 0.0310958 0.0309953 0.0378828 0.0216523 0.0197615 0.0175943 0.0232091 0.0141938 0.0160372 0.0135166 0.0158386 0.0135855 0.0110023 0.0127799 0.0047458 0.0105305 0.0108030 0.0070645 0.0070676 0.0095253 0.0070873 0.0071586 0.0070880 0.0072069 0.0070979 0.0083786 0.0083110 0.0083541 0.0071178 0.0071109 0.0104407 0.0070818 0.0095505 0.0083267 0.0164998 0.0083505 0.0130866 0.0094980 0.0084296 0.0070842 0.0073128 0.0071278 0.0083110 0.0074237 0.0083232 0.0095606 0.0109965 0.0083702 0.0095958 0.0084176 0.0096838 0.0096864 0.0096693 0.0083348 0.0096502 0.0099063 0.0083465 0.0096336 0.0092082 0.0095619 0.0095962 0.0075369 0.0084144 0.0109976 0.0084758 0.0084144 0.0122544 0.0108990 0.0084215 0.0167086 0.0168463 0.0157797 0.0143235 0.0148655 0.0119400 0.0084757 0.0162232 0.0197521 0.0319619 0.0279244 0.0279881 0.0329421 0.0454455 0.0331138 0.0327477 0.0327099 0.0347698 0.0328899 0.0305018 0.0256890 0.0195644 0.0434810 0.0075130 0.0420025 0.0396740 0.0730036 0.0794247 0.0849376 0.0702735 0.0187790 0.0676206 0.1061899 0.1224249 0.1132641 
Metabiantes_DNA100704   0.0073155 0.0189108 0.0184505 0.0157129 0.0143206 0.0130702 0.0130635 0.0085686 0.0143115 0.0131996 0.0123872 0.0072106 0.0059657 0.0000010 0.0059657 0.0066300 0.0078907 0.0084607 0.0005773 0.0000000 0.0135437 0.0128853 0.0142570 0.0134543 0.0091143 0.0103501 0.0108735 0.0110338 0.0097248 0.0029332 0.0047836 0.0059657 0.0142832 0.0163752 0.0143029 0.0123252 0.0170236 0.0150469 0.0214193 0.0231071 0.0182335 0.0163791 0.0300189 0.0204745 0.0212075 0.0241132 0.0179390 0.0171600 0.0173146 0.0186549 0.0193334 0.0186193 0.0243163 0.0151029 0.0215263 0.0214474 0.0180274 0.0172040 0.0138234 0.0187930 0.0199034 0.0194786 0.0144166 0.0172346 0.0237998 0.0285885 0.0219133 0.0226467 0.0249831 0.0319194 0.0182744 0.0182516 0.0205931 0.0165185 0.0164629 0.0164509 0.0283693 0.0222116 0.0273269 0.0318541 0.0298607 0.0180940 0.0365630 0.0446376 0.0304945 0.0258091 0.0302675 0.0303495 0.0302513 0.0371013 0.0209765 0.0190888 0.0169344 0.0225230 0.0141938 0.0160372 0.0135166 0.0158386 0.0135855 0.0110023 0.0127799 0.0047458 0.0105305 0.0108030 0.0070645 0.0070676 0.0095253 0.0070873 0.0071586 0.0070880 0.0072069 0.0070979 0.0083786 0.0083110 0.0083541 0.0071178 0.0071109 0.0104407 0.0070818 0.0095505 0.0083267 0.0158355 0.0083505 0.0130866 0.0094980 0.0084296 0.0070842 0.0073128 0.0071278 0.0083110 0.0074237 0.0083232 0.0095606 0.0109965 0.0083702 0.0095958 0.0084176 0.0096838 0.0096864 0.0096693 0.0083348 0.0096502 0.0099063 0.0083465 0.0096336 0.0092082 0.0095619 0.0095962 0.0075369 0.0084144 0.0109976 0.0084758 0.0084144 0.0122544 0.0108990 0.0084215 0.0167086 0.0168463 0.0157797 0.0143235 0.0148655 0.0119400 0.0084757 0.0162232 0.0190577 0.0319619 0.0279244 0.0279881 0.0329421 0.0454455 0.0331138 0.0327477 0.0327099 0.0347698 0.0328899 0.0305018 0.0256890 0.0195644 0.0426894 0.0075130 0.0428050 0.0388822 0.0739723 0.0804264 0.0849376 0.0712192 0.0187790 0.0685593 0.1073381 0.1236598 0.1144466 
