191
Pseudoepedanus          0.0000000 0.0105988 0.0105988 0.0106876 0.0075153 0.0088604 0.0088604 0.0000010 0.0089019 0.0074419 0.0058254 0.0088192 0.0073156 0.0079038 0.0073156 0.0073156 0.0073156 0.0073156 0.0088192 0.0073156 0.0088499 0.0073156 0.0088820 0.0088192 0.0103845 0.0103845 0.0103845 0.0135767 0.0104331 0.0137478 0.0122926 0.0089515 0.0103845 0.0105477 0.0088192 0.0088192 0.0151078 0.0089019 0.0135360 0.0143216 0.0121645 0.0103845 0.0171283 0.0058526 0.0000010 0.0123517 0.0124165 0.0107063 0.0107063 0.0107063 0.0107063 0.0107063 0.0122926 0.0103845 0.0058734 0.0058254 0.0073498 0.0073498 0.0089966 0.0074622 0.0089966 0.0089966 0.0120501 0.0121070 0.0227037 0.0137112 0.0120452 0.0136126 0.0120452 0.0169647 0.0089095 0.0089095 0.0089095 0.0089845 0.0089408 0.0089251 0.0089938 0.0058916 0.0112795 0.0138195 0.0141613 0.0000010 0.0209812 0.0246629 0.0175933 0.0088192 0.0230783 0.0231975 0.0230783 0.0271968 0.0043487 0.0028722 0.0043487 0.0043286 0.0000010 0.0000010 0.0000010 0.0000010 0.0000010 0.0069236 0.0047924 0.0000010 0.0186150 0.0000010 0.0000010 0.0000010 0.0000010 0.0000010 0.0000010 0.0000010 0.0000010 0.0000010 0.0000010 0.0000010 0.0000010 0.0000010 0.0000010 0.0000010 0.0000010 0.0000010 0.0000010 0.0073862 0.0000010 0.0000010 0.0000010 0.0000010 0.0000010 0.0000010 0.0000010 0.0000010 0.0000010 0.0000010 0.0000010 0.0000010 0.0000010 0.0000010 0.0000010 0.0000010 0.0000010 0.0000010 0.0000010 0.0000010 0.0000010 0.0000010 0.0000010 0.0000010 0.0000010 0.0000010 0.0000010 0.0043814 0.0000010 0.0000010 0.0000010 0.0000010 0.0000010 0.0000010 0.0144303 0.0464657 0.0186150 0.0000010 0.0043586 0.0000010 0.0000010 0.0120305 0.0073862 0.0000010 0.0091486 0.0089932 0.0254276 0.1804360 0.0143104 0.0139685 0.0138406 0.0140988 0.0137298 0.0089705 0.0049111 0.0000010 0.0227840 0.0000010 0.0283755 0.0141784 0.0537706 0.0482693 0.0490273 0.0469796 0.0000010 0.0456939 0.0819434 0.0907142 0.0757680 
Agoristenidae_DNA105839 0.0105988 0.0000000 0.0023838 0.0176705 0.0175832 0.0160673 0.0160673 0.0115988 0.0153005 0.0175878 0.0161417 0.0113494 0.0140361 0.0132589 0.0127113 0.0141293 0.0141886 0.0106771 0.0195932 0.0189043 0.0139989 0.0146414 0.0140210 0.0132598 0.0154665 0.0168193 0.0173340 0.0161946 0.0153683 0.0226132 0.0205485 0.0154973 0.0154973 0.0176538 0.0147290 0.0140273 0.0153987 0.0147291 0.0181728 0.0193539 0.0168043 0.0174272 0.0284889 0.0223988 0.0202021 0.0220533 0.0161807 0.0154847 0.0150014 0.0168559 0.0175372 0.0168225 0.0189922 0.0182903 0.0165554 0.0164939 0.0169503 0.0147843 0.0155625 0.0133671 0.0167545 0.0167455 0.0188735 0.0186935 0.0186173 0.0322676 0.0262302 0.0259532 0.0284596 0.0357468 0.0189509 0.0189509 0.0227420 0.0192606 0.0191928 0.0191782 0.0297724 0.0198908 0.0242908 0.0326939 0.0306354 0.0154900 0.0437603 0.0451308 0.0350471 0.0330605 0.0404580 0.0405489 0.0395739 0.0429390 0.0246339 0.0181736 0.0188532 0.0188993 0.0128185 0.0114800 0.0096981 0.0113390 0.0084300 0.0109903 0.0141322 0.0072118 0.0137540 0.0141151 0.0095391 0.0095432 0.0095836 0.0095700 0.0096675 0.0095711 0.0097336 0.0095846 0.0109104 0.0108213 0.0108780 0.0096117 0.0096023 0.0136599 0.0095629 0.0095300 0.0108416 0.0148623 0.0108734 0.0166704 0.0095484 0.0109778 0.0120435 0.0098785 0.0096253 0.0083561 0.0100298 0.0108370 0.0121015 0.0110336 0.0083979 0.0096274 0.0109382 0.0122527 0.0147896 0.0097014 0.0108523 0.0121905 0.0125443 0.0083917 0.0121948 0.0124789 0.0096129 0.0095755 0.0101851 0.0109742 0.0084680 0.0085042 0.0109742 0.0122454 0.0083970 0.0097129 0.0151668 0.0168714 0.0140177 0.0112781 0.0122352 0.0119567 0.0110379 0.0162644 0.0178330 0.0262081 0.0264576 0.0265131 0.0313982 0.0432384 0.0315566 0.0312088 0.0311730 0.0331356 0.0313013 0.0290759 0.0241358 0.0179079 0.0445106 0.0101521 0.0447279 0.0365588 0.0740751 0.0795869 0.0841144 0.0736722 0.0122260 0.0748340 0.1098538 0.1234413 0.1157890 
Trinella                0.0105988 0.0023838 0.0000000 0.0186135 0.0171727 0.0171681 0.0171591 0.0146899 0.0177202 0.0186763 0.0157908 0.0110920 0.0137144 0.0132589 0.0124210 0.0138025 0.0138600 0.0110706 0.0191348 0.0184628 0.0149782 0.0156087 0.0150015 0.0142461 0.0151087 0.0151087 0.0158985 0.0158182 0.0150142 0.0220757 0.0200613 0.0158668 0.0164609 0.0172400 0.0157001 0.0150079 0.0158324 0.0151708 0.0192501 0.0208208 0.0181838 0.0185074 0.0285708 0.0218714 0.0197306 0.0226049 0.0164678 0.0157859 0.0156747 0.0171289 0.0177961 0.0170958 0.0192218 0.0178622 0.0168406 0.0167794 0.0165541 0.0144421 0.0152004 0.0130614 0.0167052 0.0163585 0.0188259 0.0179460 0.0195450 0.0337011 0.0262990 0.0267520 0.0292179 0.0363708 0.0185309 0.0185074 0.0221988 0.0188028 0.0187382 0.0187243 0.0298481 0.0217042 0.0249355 0.0318551 0.0298626 0.0168005 0.0426264 0.0455777 0.0356861 0.0337320 0.0386287 0.0387369 0.0386102 0.0418125 0.0247436 0.0190891 0.0197565 0.0184581 0.0142103 0.0130287 0.0109919 0.0128667 0.0097065 0.0124686 0.0168912 0.0097237 0.0170426 0.0174958 0.0120548 0.0120599 0.0124761 0.0120940 0.0122186 0.0120958 0.0123032 0.0121130 0.0134823 0.0133711 0.0134416 0.0108935 0.0121353 0.0169234 0.0120857 0.0120435 0.0133965 0.0159739 0.0134360 0.0202997 0.0120668 0.0135678 0.0146101 0.0124887 0.0121646 0.0108622 0.0126812 0.0133909 0.0146812 0.0136354 0.0109175 0.0121674 0.0135169 0.0148668 0.0174445 0.0122616 0.0134099 0.0147896 0.0152241 0.0109090 0.0147952 0.0158216 0.0121492 0.0121015 0.0128806 0.0135614 0.0110096 0.0110574 0.0135614 0.0148575 0.0109166 0.0122758 0.0181426 0.0202059 0.0173724 0.0142775 0.0148454 0.0147891 0.0136415 0.0192006 0.0206519 0.0291428 0.0279835 0.0280445 0.0330009 0.0455425 0.0331701 0.0328026 0.0327648 0.0347680 0.0329005 0.0306175 0.0256689 0.0177406 0.0433580 0.0128375 0.0451861 0.0356198 0.0734793 0.0786121 0.0851283 0.0695274 0.0148329 0.0717475 0.1080769 0.1212899 0.1162366 
Arulla_DNA102666        0.0106876 0.0176705 0.0186135 0.0000000 0.0047419 0.0125377 0.0125377 0.0056730 0.0123883 0.0126563 0.0137541 0.0124674 0.0111306 0.0081505 0.0098561 0.0118696 0.0119181 0.0124917 0.0151308 0.0157909 0.0164810 0.0157942 0.0157774 0.0157264 0.0131639 0.0144730 0.0144677 0.0151794 0.0131667 0.0193275 0.0165896 0.0131383 0.0151308 0.0165953 0.0158251 0.0151276 0.0185305 0.0165209 0.0221402 0.0238555 0.0197407 0.0178633 0.0304776 0.0219590 0.0227047 0.0281822 0.0217524 0.0208890 0.0220342 0.0224460 0.0231487 0.0224022 0.0283774 0.0179069 0.0232839 0.0231969 0.0202631 0.0194095 0.0168053 0.0180151 0.0220243 0.0215633 0.0161001 0.0143710 0.0217997 0.0322059 0.0251824 0.0253157 0.0277528 0.0333306 0.0186039 0.0185901 0.0253051 0.0203465 0.0202757 0.0202605 0.0297570 0.0208603 0.0270492 0.0302900 0.0290792 0.0181286 0.0347924 0.0389664 0.0279373 0.0262565 0.0370392 0.0371202 0.0369983 0.0442237 0.0247283 0.0191502 0.0170039 0.0225960 0.0128697 0.0145369 0.0122572 0.0143569 0.0123192 0.0109903 0.0114311 0.0035522 0.0074677 0.0076596 0.0046829 0.0046850 0.0067600 0.0046981 0.0047450 0.0046983 0.0047767 0.0047049 0.0059507 0.0059029 0.0059335 0.0047181 0.0047136 0.0074190 0.0046941 0.0071226 0.0059138 0.0167019 0.0059309 0.0097590 0.0070828 0.0047336 0.0070959 0.0048463 0.0047247 0.0083246 0.0049198 0.0059112 0.0071295 0.0109914 0.0083662 0.0071410 0.0084136 0.0071027 0.0096822 0.0071954 0.0059195 0.0071814 0.0073856 0.0059278 0.0071838 0.0060921 0.0071301 0.0071565 0.0049939 0.0059852 0.0110096 0.0084717 0.0059852 0.0084440 0.0059764 0.0059814 0.0124861 0.0153510 0.0142458 0.0114431 0.0098397 0.0065120 0.0060190 0.0106303 0.0192280 0.0291428 0.0261101 0.0261638 0.0309783 0.0424739 0.0311323 0.0307932 0.0307584 0.0326894 0.0308833 0.0259072 0.0254508 0.0197804 0.0476709 0.0049786 0.0401696 0.0393421 0.0751316 0.0769342 0.0810442 0.0704643 0.0174266 0.0696072 0.1065637 0.1197258 0.1114308 
Assamiidae_DNA104069    0.0075153 0.0175832 0.0171727 0.0047419 0.0000000 0.0124787 0.0124723 0.0041972 0.0117087 0.0125711 0.0111107 0.0124026 0.0110733 0.0080956 0.0098056 0.0118079 0.0118558 0.0124267 0.0137444 0.0143961 0.0176944 0.0170308 0.0169880 0.0156427 0.0130951 0.0143961 0.0136872 0.0150980 0.0130979 0.0178751 0.0151746 0.0124481 0.0150500 0.0164823 0.0157412 0.0150469 0.0170967 0.0151126 0.0206489 0.0222585 0.0196427 0.0177679 0.0311083 0.0191301 0.0198252 0.0280926 0.0216749 0.0208154 0.0204210 0.0223658 0.0230657 0.0223222 0.0282725 0.0157833 0.0217182 0.0216705 0.0174218 0.0166066 0.0153706 0.0167178 0.0205078 0.0200710 0.0160186 0.0164561 0.0239896 0.0312858 0.0221089 0.0251752 0.0275970 0.0331408 0.0171732 0.0171515 0.0223521 0.0174671 0.0174073 0.0174073 0.0276376 0.0180684 0.0276779 0.0345408 0.0309464 0.0179881 0.0345911 0.0403189 0.0277794 0.0275493 0.0402999 0.0403493 0.0402814 0.0460001 0.0232144 0.0177127 0.0156029 0.0197607 0.0140913 0.0129064 0.0109052 0.0127484 0.0109596 0.0081038 0.0100405 0.0023412 0.0058894 0.0060386 0.0034728 0.0034743 0.0053386 0.0034840 0.0035183 0.0034841 0.0035416 0.0034889 0.0047065 0.0046691 0.0046931 0.0034986 0.0034954 0.0058517 0.0034809 0.0058686 0.0046777 0.0138966 0.0046910 0.0080077 0.0058360 0.0047336 0.0058467 0.0035925 0.0035035 0.0046691 0.0036465 0.0046756 0.0058741 0.0071907 0.0046917 0.0058834 0.0047181 0.0059456 0.0083753 0.0059278 0.0046821 0.0059165 0.0060827 0.0046886 0.0059184 0.0045025 0.0058745 0.0058962 0.0037006 0.0047335 0.0072024 0.0047497 0.0047335 0.0084440 0.0071424 0.0047306 0.0138045 0.0136197 0.0124759 0.0098789 0.0110220 0.0077792 0.0047600 0.0119020 0.0183636 0.0274914 0.0277507 0.0278104 0.0327230 0.0450422 0.0328892 0.0325275 0.0324902 0.0344737 0.0326238 0.0303650 0.0254508 0.0207240 0.0473978 0.0036895 0.0419058 0.0403417 0.0747100 0.0792472 0.0877534 0.0691229 0.0159969 0.0718221 0.1066943 0.1198745 0.1139277 
Assamiidae_DNA104857    0.0088604 0.0160673 0.0171681 0.0125377 0.0124787 0.0000000 0.0000010 0.0013858 0.0097235 0.0011674 0.0117948 0.0098034 0.0097622 0.0079038 0.0085095 0.0104778 0.0105200 0.0104560 0.0123922 0.0130362 0.0150071 0.0156387 0.0157542 0.0142734 0.0117505 0.0130362 0.0137009 0.0137260 0.0098034 0.0164609 0.0138544 0.0098809 0.0162910 0.0184298 0.0163270 0.0156322 0.0129566 0.0123167 0.0171178 0.0185619 0.0152950 0.0123208 0.0262072 0.0191298 0.0212949 0.0258286 0.0195571 0.0187229 0.0205018 0.0202408 0.0209323 0.0202012 0.0246334 0.0185121 0.0217939 0.0217131 0.0194225 0.0185850 0.0152997 0.0188253 0.0212819 0.0208379 0.0160347 0.0145087 0.0231694 0.0295053 0.0217113 0.0228199 0.0265929 0.0320519 0.0178280 0.0178149 0.0201046 0.0180986 0.0180367 0.0180233 0.0271466 0.0187061 0.0242316 0.0278601 0.0267012 0.0167319 0.0361166 0.0392879 0.0299068 0.0280843 0.0354439 0.0355211 0.0346335 0.0399764 0.0233035 0.0191209 0.0169787 0.0198367 0.0114444 0.0129064 0.0109052 0.0127484 0.0109596 0.0081038 0.0100405 0.0011655 0.0029174 0.0029907 0.0011484 0.0011489 0.0026471 0.0011520 0.0011633 0.0011521 0.0011710 0.0011537 0.0000010 0.0000010 0.0000010 0.0011569 0.0011558 0.0028991 0.0011511 0.0034954 0.0023216 0.0124719 0.0000010 0.0047570 0.0034760 0.0023489 0.0034824 0.0011877 0.0011584 0.0046691 0.0012053 0.0023205 0.0034986 0.0071907 0.0046917 0.0035040 0.0047181 0.0059456 0.0059389 0.0035304 0.0023238 0.0035237 0.0036219 0.0023270 0.0035249 0.0014856 0.0034987 0.0035118 0.0012231 0.0023492 0.0072024 0.0047497 0.0023492 0.0059872 0.0047266 0.0000010 0.0109545 0.0136197 0.0124759 0.0098789 0.0085099 0.0051452 0.0023622 0.0091846 0.0147942 0.0245126 0.0277507 0.0278104 0.0327230 0.0405180 0.0297105 0.0293871 0.0293540 0.0312572 0.0294729 0.0275330 0.0254508 0.0169573 0.0437788 0.0012195 0.0440429 0.0349728 0.0684777 0.0772948 0.0803532 0.0688408 0.0159969 0.0687414 0.1076760 0.1241863 0.1123121 
Paktongius              0.0088604 0.0160673 0.0171591 0.0125377 0.0124723 0.0000010 0.0000000 0.0013858 0.0097187 0.0011669 0.0117888 0.0097985 0.0097573 0.0079038 0.0085053 0.0104725 0.0105147 0.0104508 0.0123859 0.0130296 0.0149993 0.0156306 0.0157460 0.0142661 0.0117445 0.0130296 0.0137009 0.0137189 0.0097985 0.0164523 0.0138472 0.0098760 0.0162825 0.0184200 0.0163185 0.0156241 0.0129500 0.0123104 0.0171088 0.0185619 0.0152950 0.0123146 0.0261924 0.0191196 0.0212834 0.0258286 0.0195465 0.0187129 0.0205018 0.0202298 0.0209208 0.0201902 0.0246196 0.0185023 0.0217818 0.0217011 0.0194120 0.0185751 0.0152916 0.0188151 0.0212819 0.0208266 0.0160347 0.0145087 0.0231566 0.0294886 0.0217113 0.0228074 0.0265780 0.0320333 0.0178280 0.0178055 0.0200937 0.0180889 0.0180270 0.0180136 0.0271466 0.0187061 0.0242316 0.0278438 0.0266859 0.0167319 0.0360949 0.0392641 0.0298896 0.0280685 0.0354226 0.0355211 0.0346335 0.0399517 0.0232908 0.0191108 0.0169699 0.0198261 0.0114444 0.0129064 0.0109052 0.0127484 0.0109596 0.0081038 0.0100405 0.0011655 0.0029174 0.0029907 0.0011484 0.0011489 0.0026471 0.0011520 0.0011633 0.0011521 0.0011710 0.0011537 0.0000010 0.0000010 0.0000010 0.0011569 0.0011558 0.0028991 0.0011511 0.0034954 0.0023216 0.0124655 0.0000010 0.0047570 0.0034760 0.0023489 0.0034824 0.0011877 0.0011584 0.0046691 0.0012053 0.0023205 0.0034986 0.0071907 0.0046917 0.0035040 0.0047181 0.0059456 0.0059389 0.0035304 0.0023238 0.0035237 0.0036219 0.0023270 0.0035249 0.0014856 0.0034987 0.0035118 0.0012231 0.0023492 0.0072024 0.0047497 0.0023492 0.0059872 0.0047266 0.0000010 0.0109545 0.0136197 0.0124759 0.0098789 0.0085099 0.0051452 0.0023622 0.0091846 0.0147942 0.0245126 0.0277507 0.0278104 0.0327230 0.0405180 0.0297105 0.0293871 0.0293540 0.0312572 0.0294729 0.0275330 0.0254508 0.0169573 0.0437519 0.0012195 0.0440154 0.0349517 0.0684305 0.0772402 0.0802928 0.0687937 0.0159969 0.0686942 0.1075942 0.1240893 0.1122263 
Chilon                  0.0000010 0.0115988 0.0146899 0.0056730 0.0041972 0.0013858 0.0013858 0.0000000 0.0000010 0.0013858 0.0042191 0.0056505 0.0056505 0.0000010 0.0042191 0.0072321 0.0088005 0.0056761 0.0085849 0.0085849 0.0100646 0.0100646 0.0100646 0.0070571 0.0086703 0.0116620 0.0116620 0.0101598 0.0070944 0.0085849 0.0101546 0.0071227 0.0101651 0.0163268 0.0148529 0.0101598 0.0132435 0.0117213 0.0116576 0.0116576 0.0101275 0.0071711 0.0101104 0.0117109 0.0117109 0.0230873 0.0132435 0.0132435 0.0131115 0.0132435 0.0132435 0.0164014 0.0252267 0.0133099 0.0147640 0.0147640 0.0202182 0.0183995 0.0102622 0.0200409 0.0150172 0.0149986 0.0133099 0.0085849 0.0219033 0.0251236 0.0182389 0.0149913 0.0200277 0.0200277 0.0114904 0.0114904 0.0148385 0.0132975 0.0132975 0.0132975 0.0403630 0.0286489 0.0118340 0.0189880 0.0152518 0.0200641 0.0479661 0.0474994 0.0326745 0.0388493 0.0285812 0.0285812 0.0285812 0.0320252 0.0147640 0.0117109 0.0101565 0.0181338 0.0118165 0.0136618 0.0117213 0.0134182 0.0118269 0.0079528 0.0107167 0.0000010 0.0017411 0.0017935 0.0000010 0.0000010 0.0015520 0.0000010 0.0000010 0.0000010 0.0000010 0.0000010 0.0013966 0.0013858 0.0013858 0.0000010 0.0000010 0.0000010 0.0000010 0.0013881 0.0000010 0.0056464 0.0013858 0.0035519 0.0013830 0.0000010 0.0013822 0.0000010 0.0000010 0.0041972 0.0000010 0.0013937 0.0027888 0.0028123 0.0027795 0.0013814 0.0027826 0.0042239 0.0041972 0.0013814 0.0000010 0.0000010 0.0000010 0.0013921 0.0027779 0.0000010 0.0013922 0.0013935 0.0000010 0.0000010 0.0056957 0.0027733 0.0000010 0.0028480 0.0042257 0.0014131 0.0113166 0.0145707 0.0132207 0.0100526 0.0072530 0.0044923 0.0000010 0.0075756 0.0057225 0.0304359 0.0304460 0.0305435 0.0302960 0.0510974 0.0364302 0.0362969 0.0362461 0.0385118 0.0365625 0.0321679 0.0276455 0.0148529 0.0318495 0.0000010 0.0665373 0.0610276 0.0457178 0.0663380 0.0681629 0.0665876 0.0182253 0.0629382 0.0693478 0.0770284 0.0780857 
Paraselenca             0.0089019 0.0153005 0.0177202 0.0123883 0.0117087 0.0097235 0.0097187 0.0000010 0.0000000 0.0098078 0.0085194 0.0123198 0.0109998 0.0079437 0.0097408 0.0117288 0.0117761 0.0117043 0.0149488 0.0142993 0.0162817 0.0156038 0.0155875 0.0142418 0.0130072 0.0142993 0.0150373 0.0149962 0.0136026 0.0177530 0.0157968 0.0117288 0.0142993 0.0170565 0.0149806 0.0142963 0.0142119 0.0122895 0.0184119 0.0199276 0.0139435 0.0122936 0.0291805 0.0169408 0.0190478 0.0233631 0.0172807 0.0164818 0.0164988 0.0179497 0.0186252 0.0179148 0.0236177 0.0163338 0.0222944 0.0222123 0.0179757 0.0171591 0.0139401 0.0159342 0.0182889 0.0179037 0.0188194 0.0137039 0.0210172 0.0303343 0.0208994 0.0249994 0.0274024 0.0344003 0.0183874 0.0183643 0.0200491 0.0180489 0.0179873 0.0179740 0.0243475 0.0195652 0.0257962 0.0317798 0.0297926 0.0154273 0.0392879 0.0402061 0.0314880 0.0289052 0.0342879 0.0343823 0.0335093 0.0404747 0.0223744 0.0162754 0.0142062 0.0182933 0.0100948 0.0113739 0.0096221 0.0112354 0.0096696 0.0066969 0.0087182 0.0000010 0.0014443 0.0014802 0.0000010 0.0000010 0.0013117 0.0000010 0.0000010 0.0000010 0.0000010 0.0000010 0.0011585 0.0011494 0.0011553 0.0000010 0.0000010 0.0014362 0.0000010 0.0023130 0.0011517 0.0136263 0.0011547 0.0031394 0.0023002 0.0011652 0.0023045 0.0000010 0.0000010 0.0034760 0.0000010 0.0011512 0.0023151 0.0059476 0.0034926 0.0023186 0.0035122 0.0047210 0.0047158 0.0023360 0.0011527 0.0023316 0.0023961 0.0011543 0.0023324 0.0000010 0.0023151 0.0023238 0.0000010 0.0011648 0.0059571 0.0035355 0.0011648 0.0047539 0.0035185 0.0011644 0.0095057 0.0119965 0.0108138 0.0083945 0.0072394 0.0038278 0.0011716 0.0078090 0.0146416 0.0259921 0.0262380 0.0262923 0.0311339 0.0427621 0.0312896 0.0309472 0.0309121 0.0328552 0.0310382 0.0260332 0.0239314 0.0207439 0.0470569 0.0000010 0.0458210 0.0365873 0.0749155 0.0817860 0.0830169 0.0698528 0.0146584 0.0710779 0.1077382 0.1209568 0.1102793 
Assamiidae_DNA104859    0.0074419 0.0175878 0.0186763 0.0126563 0.0125711 0.0011674 0.0011669 0.0013858 0.0098078 0.0000000 0.0118992 0.0111677 0.0098472 0.0063758 0.0085833 0.0105699 0.0106129 0.0105477 0.0125016 0.0131515 0.0164408 0.0157789 0.0171792 0.0157103 0.0118541 0.0131515 0.0130949 0.0138480 0.0098890 0.0166093 0.0139788 0.0112570 0.0164374 0.0184960 0.0164730 0.0157723 0.0143690 0.0124248 0.0172722 0.0186417 0.0154430 0.0137231 0.0279133 0.0193031 0.0214344 0.0244083 0.0197381 0.0188947 0.0198739 0.0204283 0.0211263 0.0203880 0.0263055 0.0186801 0.0233297 0.0233297 0.0196011 0.0187543 0.0154387 0.0189989 0.0214947 0.0210304 0.0154233 0.0138983 0.0248150 0.0297827 0.0209445 0.0244364 0.0268418 0.0323568 0.0179991 0.0179761 0.0202498 0.0188832 0.0188588 0.0188588 0.0264041 0.0179742 0.0243390 0.0296483 0.0277005 0.0167319 0.0364695 0.0396725 0.0301914 0.0283483 0.0357909 0.0358127 0.0349935 0.0403733 0.0235169 0.0192940 0.0171307 0.0213866 0.0114444 0.0129064 0.0109052 0.0127484 0.0109596 0.0081038 0.0100405 0.0011655 0.0029174 0.0029907 0.0011484 0.0011489 0.0026471 0.0011520 0.0011633 0.0011521 0.0011710 0.0011537 0.0000010 0.0000010 0.0000010 0.0011569 0.0011558 0.0028991 0.0011511 0.0034954 0.0023216 0.0138933 0.0000010 0.0047570 0.0034760 0.0023489 0.0034824 0.0011877 0.0011584 0.0046691 0.0012053 0.0023205 0.0034986 0.0071907 0.0046917 0.0035040 0.0047181 0.0059456 0.0059389 0.0035304 0.0023238 0.0035237 0.0036219 0.0023270 0.0035249 0.0014856 0.0034987 0.0035118 0.0012231 0.0023492 0.0072024 0.0047497 0.0023492 0.0059872 0.0047266 0.0000010 0.0109545 0.0136197 0.0124759 0.0098789 0.0085099 0.0051452 0.0023622 0.0091846 0.0154830 0.0245126 0.0277507 0.0278104 0.0327230 0.0405180 0.0297105 0.0293871 0.0293540 0.0312572 0.0294729 0.0275330 0.0254508 0.0179998 0.0458233 0.0012195 0.0444803 0.0353180 0.0691783 0.0780847 0.0816957 0.0695395 0.0159969 0.0694410 0.1087724 0.1254411 0.1134495 
Assamiidae_DNA104858    0.0058254 0.0161417 0.0157908 0.0137541 0.0111107 0.0117948 0.0117888 0.0042191 0.0085194 0.0118992 0.0000000 0.0104495 0.0091465 0.0046712 0.0078967 0.0098555 0.0098953 0.0104697 0.0130536 0.0124086 0.0156827 0.0150055 0.0149898 0.0149418 0.0098520 0.0111257 0.0116792 0.0118034 0.0130564 0.0158200 0.0138731 0.0104877 0.0137008 0.0164537 0.0143810 0.0136979 0.0137835 0.0118372 0.0193901 0.0209460 0.0161710 0.0144416 0.0302625 0.0170677 0.0177773 0.0243222 0.0181626 0.0173453 0.0174910 0.0188412 0.0195268 0.0188042 0.0246004 0.0157941 0.0201172 0.0200438 0.0165497 0.0157535 0.0106180 0.0153241 0.0190206 0.0186461 0.0167432 0.0151014 0.0197042 0.0289921 0.0191876 0.0229864 0.0253556 0.0305338 0.0164537 0.0164330 0.0208925 0.0174364 0.0173768 0.0173639 0.0246327 0.0179602 0.0268250 0.0336462 0.0300872 0.0169455 0.0370938 0.0405192 0.0293892 0.0282898 0.0348645 0.0349618 0.0348459 0.0384006 0.0190730 0.0169946 0.0149040 0.0176941 0.0129386 0.0115998 0.0097838 0.0114559 0.0098329 0.0068228 0.0114906 0.0023513 0.0075137 0.0077080 0.0047054 0.0047076 0.0067976 0.0047208 0.0047681 0.0047210 0.0035571 0.0047276 0.0059798 0.0059316 0.0059625 0.0035138 0.0047365 0.0074643 0.0047167 0.0059426 0.0047365 0.0139063 0.0059598 0.0098243 0.0059092 0.0047938 0.0059202 0.0048705 0.0047477 0.0059316 0.0049447 0.0059399 0.0047410 0.0059503 0.0034942 0.0046740 0.0011616 0.0023439 0.0071289 0.0047091 0.0047410 0.0059917 0.0061623 0.0059567 0.0047771 0.0061304 0.0059487 0.0059709 0.0050195 0.0060147 0.0059598 0.0035371 0.0060147 0.0085534 0.0084707 0.0060108 0.0154721 0.0154477 0.0143384 0.0115102 0.0124542 0.0092388 0.0048209 0.0134666 0.0169731 0.0264477 0.0234592 0.0235046 0.0282414 0.0386988 0.0283793 0.0280701 0.0280385 0.0299181 0.0281521 0.0293408 0.0211284 0.0199613 0.0430584 0.0037064 0.0451863 0.0354416 0.0724713 0.0783364 0.0836394 0.0658348 0.0175153 0.0700535 0.1065322 0.1196885 0.1122853 
Baculigerus             0.0088192 0.0113494 0.0110920 0.0124674 0.0124026 0.0098034 0.0097985 0.0056505 0.0123198 0.0111677 0.0104495 0.0000000 0.0023322 0.0015409 0.0023322 0.0029452 0.0041554 0.0035065 0.0078366 0.0072200 0.0071167 0.0077135 0.0077674 0.0077435 0.0053410 0.0065528 0.0068770 0.0059642 0.0047021 0.0104306 0.0098187 0.0072501 0.0103258 0.0123186 0.0103470 0.0096980 0.0116532 0.0110193 0.0169369 0.0183675 0.0145417 0.0122936 0.0245024 0.0148512 0.0168416 0.0217987 0.0157354 0.0150588 0.0148915 0.0163916 0.0170534 0.0163599 0.0207020 0.0123736 0.0165899 0.0165304 0.0124424 0.0117034 0.0098187 0.0118264 0.0154957 0.0151724 0.0088817 0.0109401 0.0166755 0.0261659 0.0179563 0.0183802 0.0219699 0.0286021 0.0143075 0.0142898 0.0186093 0.0145701 0.0145214 0.0145108 0.0242134 0.0195769 0.0239711 0.0275471 0.0271319 0.0140826 0.0331429 0.0406404 0.0281869 0.0257033 0.0285150 0.0285915 0.0284980 0.0320827 0.0181142 0.0149111 0.0128737 0.0155941 0.0100125 0.0083817 0.0071089 0.0082809 0.0071433 0.0052894 0.0061310 0.0011613 0.0074366 0.0076269 0.0046675 0.0046696 0.0067345 0.0046826 0.0047292 0.0046828 0.0047607 0.0046894 0.0059308 0.0058834 0.0059138 0.0047025 0.0046980 0.0073883 0.0046786 0.0070990 0.0058942 0.0118520 0.0059112 0.0097149 0.0046719 0.0059655 0.0070724 0.0048298 0.0047091 0.0058834 0.0049028 0.0058916 0.0071058 0.0059968 0.0035210 0.0047099 0.0059456 0.0071931 0.0096497 0.0047455 0.0058999 0.0071574 0.0073602 0.0059081 0.0071597 0.0060662 0.0047027 0.0071327 0.0049764 0.0059651 0.0060065 0.0035645 0.0059651 0.0097294 0.0059564 0.0047515 0.0124383 0.0121212 0.0109295 0.0084762 0.0098061 0.0064883 0.0059988 0.0105902 0.0140431 0.0262181 0.0232567 0.0233012 0.0279941 0.0382545 0.0281295 0.0278254 0.0277943 0.0296547 0.0279060 0.0258201 0.0209423 0.0110366 0.0390546 0.0049612 0.0396428 0.0348484 0.0690217 0.0745562 0.0763674 0.0648001 0.0095600 0.0648720 0.1044200 0.1206858 0.1104008 
Fijicolana              0.0073156 0.0140361 0.0137144 0.0111306 0.0110733 0.0097622 0.0097573 0.0056505 0.0109998 0.0098472 0.0091465 0.0023322 0.0000000 0.0000010 0.0011572 0.0017523 0.0029446 0.0035199 0.0065784 0.0059689 0.0071444 0.0065274 0.0077978 0.0077737 0.0041213 0.0053192 0.0055802 0.0059397 0.0047202 0.0091302 0.0085227 0.0072200 0.0084204 0.0103680 0.0084375 0.0084186 0.0116044 0.0097174 0.0170061 0.0184457 0.0138834 0.0122420 0.0229919 0.0149111 0.0169098 0.0196195 0.0151104 0.0143433 0.0149572 0.0157660 0.0164270 0.0157354 0.0212952 0.0104143 0.0180073 0.0179423 0.0124929 0.0117505 0.0085227 0.0131743 0.0154276 0.0151071 0.0082651 0.0123275 0.0179474 0.0246598 0.0170585 0.0183015 0.0205128 0.0270540 0.0156728 0.0156533 0.0193667 0.0152952 0.0152438 0.0152325 0.0223784 0.0187171 0.0224124 0.0274224 0.0262869 0.0140826 0.0315063 0.0388996 0.0266291 0.0234928 0.0286373 0.0287144 0.0286202 0.0337437 0.0167325 0.0135606 0.0115559 0.0168319 0.0100125 0.0083817 0.0071089 0.0082809 0.0071433 0.0052894 0.0061310 0.0011613 0.0074366 0.0076269 0.0046675 0.0046696 0.0067345 0.0046826 0.0047292 0.0046828 0.0047607 0.0046894 0.0059308 0.0058834 0.0059138 0.0047025 0.0046980 0.0073883 0.0046786 0.0070990 0.0058942 0.0118015 0.0059112 0.0097149 0.0070595 0.0059655 0.0070724 0.0048298 0.0047091 0.0058834 0.0049028 0.0058916 0.0071058 0.0084579 0.0059122 0.0071172 0.0059456 0.0071931 0.0096497 0.0071713 0.0058999 0.0071574 0.0073602 0.0059081 0.0071597 0.0060662 0.0071064 0.0071327 0.0049764 0.0059651 0.0084717 0.0059859 0.0059651 0.0097294 0.0059564 0.0059614 0.0124383 0.0121212 0.0109295 0.0084762 0.0098061 0.0064883 0.0059988 0.0105902 0.0139812 0.0262181 0.0232567 0.0233012 0.0279941 0.0382545 0.0281295 0.0278254 0.0277943 0.0296547 0.0279060 0.0258201 0.0209423 0.0110979 0.0388835 0.0049612 0.0394647 0.0323910 0.0682548 0.0738854 0.0787832 0.0618102 0.0120349 0.0645915 0.0995351 0.1154318 0.1065408 
Stygnomma               0.0079038 0.0132589 0.0132589 0.0081505 0.0080956 0.0079038 0.0079038 0.0000010 0.0079437 0.0063758 0.0046712 0.0015409 0.0000010 0.0000000 0.0000010 0.0000010 0.0000010 0.0000010 0.0015409 0.0000010 0.0015466 0.0000010 0.0015524 0.0015409 0.0031137 0.0031137 0.0031137 0.0063430 0.0063230 0.0064271 0.0064992 0.0063604 0.0062913 0.0063961 0.0046712 0.0046712 0.0145846 0.0079437 0.0199308 0.0212177 0.0149831 0.0129657 0.0204986 0.0046946 0.0079540 0.0152355 0.0153240 0.0134053 0.0134053 0.0134053 0.0134053 0.0134053 0.0151564 0.0062913 0.0047124 0.0046712 0.0031137 0.0031137 0.0080341 0.0063944 0.0081168 0.0081168 0.0080752 0.0080341 0.0190525 0.0147881 0.0096376 0.0113002 0.0096376 0.0148390 0.0112433 0.0112433 0.0113577 0.0080224 0.0079807 0.0079656 0.0080317 0.0079610 0.0179352 0.0168275 0.0209453 0.0000010 0.0190495 0.0309436 0.0190495 0.0046712 0.0173479 0.0174429 0.0173479 0.0215202 0.0030973 0.0046946 0.0030973 0.0095321 0.0000010 0.0000010 0.0000010 0.0000010 0.0000010 0.0105808 0.0000010 0.0000010 0.2201182 9.0000000 0.0000010 0.0000010 0.0000010 0.0000010 0.0000010 0.0000010 0.0000010 0.0000010 0.0000010 0.0000010 0.0000010 0.0000010 0.0000010 0.0000010 0.0000010 0.0000010 0.0000010 0.0095835 0.0000010 0.0000010 0.0000010 0.0000010 0.0000010 0.0000010 0.0000010 0.0000010 0.0000010 0.0000010 0.0000010 0.0000010 0.0000010 0.0000010 0.0000010 0.0000010 0.0000010 0.0000010 0.0000010 0.0000010 0.0000010 0.0000010 0.0000010 9.0000000 0.0000010 0.0000010 0.0000010 0.0056351 0.0000010 0.0000010 0.0000010 0.0000010 0.0000010 0.0000010 0.0222062 0.1503919 0.2201182 0.0000010 0.0055977 0.0000010 0.0000010 0.0173029 0.0095835 0.0000010 0.0056426 0.0000010 0.0258062 9.0000000 0.0058447 0.0056731 0.0056096 0.0057380 0.0054710 0.0055068 0.0055798 0.0000010 0.0228305 0.0000010 0.0208957 0.0153240 0.0596633 0.0505552 0.0517721 0.0514104 0.0000010 0.0384333 0.0852639 0.0949458 0.0843297 
Pellobunus              0.0073156 0.0127113 0.0124210 0.0098561 0.0098056 0.0085095 0.0085053 0.0042191 0.0097408 0.0085833 0.0078967 0.0023322 0.0011572 0.0000010 0.0000000 0.0017523 0.0017598 0.0023376 0.0065784 0.0059689 0.0071444 0.0065274 0.0077978 0.0077737 0.0029325 0.0041213 0.0043228 0.0047336 0.0047202 0.0091302 0.0072772 0.0059937 0.0078042 0.0097397 0.0078199 0.0071886 0.0103441 0.0084707 0.0156885 0.0170631 0.0125738 0.0109769 0.0229919 0.0136180 0.0155996 0.0196195 0.0137986 0.0130474 0.0135429 0.0144509 0.0151073 0.0144220 0.0199311 0.0097831 0.0166588 0.0165989 0.0112011 0.0104740 0.0072772 0.0118745 0.0140870 0.0137953 0.0076141 0.0123275 0.0166030 0.0232768 0.0161650 0.0169769 0.0191604 0.0256408 0.0143655 0.0143476 0.0193667 0.0152952 0.0152438 0.0152325 0.0223784 0.0178612 0.0209735 0.0259548 0.0248469 0.0128650 0.0300275 0.0373505 0.0252056 0.0227984 0.0286373 0.0287144 0.0286202 0.0337437 0.0154364 0.0122822 0.0103010 0.0155281 0.0087284 0.0069552 0.0059025 0.0068718 0.0059309 0.0039507 0.0048862 0.0000010 0.0059218 0.0060727 0.0034877 0.0034893 0.0053652 0.0034990 0.0035337 0.0034991 0.0035571 0.0035040 0.0047271 0.0046894 0.0047136 0.0035138 0.0035105 0.0058837 0.0034959 0.0058943 0.0046980 0.0105193 0.0047115 0.0080558 0.0058614 0.0047544 0.0058722 0.0036085 0.0035187 0.0046894 0.0036630 0.0046959 0.0058999 0.0072229 0.0047122 0.0059092 0.0047388 0.0059720 0.0084128 0.0059540 0.0047025 0.0059426 0.0061103 0.0047091 0.0059445 0.0045277 0.0059002 0.0059221 0.0037176 0.0047544 0.0072347 0.0047707 0.0047544 0.0084821 0.0047474 0.0047515 0.0110106 0.0105586 0.0093245 0.0070332 0.0085486 0.0051699 0.0047811 0.0092297 0.0126616 0.0248195 0.0218882 0.0219286 0.0265690 0.0362639 0.0266960 0.0264080 0.0263787 0.0282077 0.0264843 0.0244440 0.0195629 0.0102178 0.0373581 0.0037064 0.0378936 0.0316299 0.0663793 0.0729169 0.0777350 0.0609140 0.0107932 0.0636736 0.0995351 0.1154318 0.1065408 
Icaleptes_DNA104056     0.0073156 0.0141293 0.0138025 0.0118696 0.0118079 0.0104778 0.0104725 0.0072321 0.0117288 0.0105699 0.0098555 0.0029452 0.0017523 0.0000010 0.0017523 0.0000000 0.0011615 0.0041472 0.0072485 0.0066317 0.0090538 0.0084223 0.0097306 0.0097001 0.0041213 0.0047191 0.0049502 0.0059397 0.0053630 0.0098377 0.0092244 0.0079006 0.0097386 0.0110894 0.0091313 0.0091106 0.0123388 0.0104291 0.0178175 0.0193094 0.0146651 0.0129843 0.0253173 0.0156918 0.0177170 0.0218915 0.0159029 0.0151215 0.0158129 0.0165662 0.0172352 0.0165339 0.0206120 0.0117802 0.0188459 0.0187772 0.0132539 0.0124956 0.0092244 0.0139458 0.0162404 0.0158997 0.0096574 0.0131157 0.0187831 0.0255714 0.0181623 0.0191274 0.0213733 0.0280035 0.0164686 0.0164479 0.0202217 0.0160993 0.0160445 0.0160326 0.0244893 0.0178612 0.0233438 0.0284115 0.0272488 0.0128650 0.0325329 0.0400266 0.0275824 0.0251035 0.0296316 0.0297121 0.0296142 0.0348160 0.0175292 0.0143210 0.0122868 0.0176344 0.0114989 0.0100077 0.0084587 0.0098849 0.0085005 0.0067593 0.0075088 0.0023695 0.0091482 0.0093882 0.0059494 0.0059521 0.0082647 0.0059689 0.0060295 0.0059693 0.0060706 0.0059778 0.0072592 0.0072000 0.0072379 0.0059948 0.0059890 0.0090868 0.0059639 0.0084467 0.0072135 0.0125504 0.0072347 0.0116429 0.0083990 0.0073029 0.0084146 0.0061606 0.0060034 0.0072000 0.0062554 0.0072103 0.0084552 0.0098617 0.0072361 0.0084690 0.0072777 0.0085609 0.0110744 0.0085345 0.0072206 0.0085176 0.0087641 0.0072309 0.0085205 0.0077783 0.0084560 0.0084876 0.0063514 0.0073019 0.0072347 0.0073282 0.0073019 0.0084821 0.0072911 0.0072971 0.0141378 0.0139811 0.0128187 0.0101240 0.0112586 0.0079557 0.0073440 0.0121786 0.0147710 0.0266707 0.0250570 0.0251078 0.0299409 0.0411858 0.0300902 0.0297592 0.0297253 0.0316560 0.0298471 0.0276683 0.0227222 0.0130202 0.0399933 0.0063314 0.0395385 0.0342253 0.0697835 0.0764620 0.0799570 0.0641542 0.0135031 0.0623275 0.1006491 0.1166293 0.1107882 
Icaleptes_DNA104053     0.0073156 0.0141886 0.0138600 0.0119181 0.0118558 0.0105200 0.0105147 0.0088005 0.0117761 0.0106129 0.0098953 0.0041554 0.0029446 0.0000010 0.0017598 0.0011615 0.0000000 0.0041633 0.0085227 0.0078988 0.0090896 0.0084555 0.0097693 0.0097386 0.0041372 0.0047373 0.0049703 0.0059628 0.0066057 0.0111544 0.0092615 0.0079320 0.0097774 0.0111341 0.0091677 0.0091469 0.0123885 0.0104710 0.0178912 0.0193927 0.0147271 0.0130367 0.0254250 0.0157561 0.0177899 0.0219851 0.0159689 0.0151836 0.0158838 0.0166349 0.0173068 0.0166024 0.0206978 0.0118280 0.0189254 0.0188560 0.0133086 0.0125465 0.0092615 0.0140036 0.0163091 0.0159656 0.0096981 0.0145477 0.0188620 0.0256785 0.0191822 0.0192065 0.0214626 0.0281218 0.0165366 0.0165157 0.0216966 0.0175259 0.0174657 0.0174527 0.0255657 0.0188160 0.0234467 0.0285359 0.0273666 0.0141918 0.0326731 0.0401990 0.0277000 0.0252096 0.0312565 0.0313421 0.0312387 0.0365254 0.0176006 0.0143791 0.0123362 0.0177066 0.0129328 0.0115939 0.0097795 0.0114502 0.0098286 0.0082173 0.0088661 0.0035957 0.0108304 0.0111186 0.0072220 0.0072252 0.0097703 0.0072459 0.0073203 0.0072465 0.0073708 0.0072568 0.0085684 0.0084977 0.0085429 0.0072777 0.0072705 0.0107561 0.0072400 0.0097658 0.0085138 0.0126028 0.0085391 0.0135204 0.0097103 0.0086211 0.0097284 0.0074815 0.0072881 0.0084977 0.0075977 0.0085101 0.0097758 0.0112257 0.0085410 0.0097920 0.0085904 0.0098993 0.0124505 0.0098685 0.0085223 0.0098486 0.0101372 0.0085345 0.0098521 0.0094759 0.0097770 0.0098135 0.0077161 0.0086192 0.0085391 0.0086510 0.0086192 0.0098071 0.0086064 0.0072971 0.0157595 0.0157635 0.0146415 0.0117311 0.0126595 0.0094002 0.0086696 0.0137067 0.0148330 0.0283415 0.0266909 0.0251078 0.0316783 0.0437431 0.0318397 0.0314860 0.0314497 0.0334327 0.0315801 0.0293299 0.0243534 0.0130951 0.0401630 0.0076912 0.0397100 0.0332998 0.0685379 0.0751619 0.0785585 0.0644210 0.0149018 0.0620573 0.0991529 0.1150176 0.1092231 
Guasinia                0.0073156 0.0106771 0.0110706 0.0124917 0.0124267 0.0104560 0.0104508 0.0056761 0.0117043 0.0105477 0.0104697 0.0035065 0.0035199 0.0000010 0.0023376 0.0041472 0.0041633 0.0000000 0.0090940 0.0084717 0.0071033 0.0064900 0.0077527 0.0077289 0.0053511 0.0065653 0.0068907 0.0071980 0.0059111 0.0117244 0.0098377 0.0085072 0.0103456 0.0123423 0.0103669 0.0097165 0.0109981 0.0091135 0.0136471 0.0149139 0.0125493 0.0129571 0.0230487 0.0135894 0.0142140 0.0189766 0.0130935 0.0124317 0.0120612 0.0137401 0.0143913 0.0137136 0.0192991 0.0123975 0.0139054 0.0138561 0.0111343 0.0104120 0.0098377 0.0131463 0.0168847 0.0165307 0.0088996 0.0123004 0.0194239 0.0234230 0.0171031 0.0184157 0.0206418 0.0272245 0.0156394 0.0156199 0.0192490 0.0152024 0.0151516 0.0151404 0.0233531 0.0169670 0.0210269 0.0260212 0.0249095 0.0116131 0.0317078 0.0391460 0.0267987 0.0243428 0.0284600 0.0285362 0.0269899 0.0312684 0.0154722 0.0135919 0.0128983 0.0168712 0.0074242 0.0055161 0.0046871 0.0054504 0.0047093 0.0039507 0.0061550 0.0011655 0.0074719 0.0076640 0.0046850 0.0046871 0.0067634 0.0047002 0.0047471 0.0047004 0.0047789 0.0047070 0.0059533 0.0059055 0.0059362 0.0047202 0.0047158 0.0074231 0.0046962 0.0046805 0.0059165 0.0111852 0.0059335 0.0097647 0.0070859 0.0059883 0.0070990 0.0048486 0.0047269 0.0059055 0.0049221 0.0059138 0.0071327 0.0084903 0.0059346 0.0071441 0.0059682 0.0072205 0.0096864 0.0071986 0.0059221 0.0071846 0.0073890 0.0059305 0.0071870 0.0060956 0.0071332 0.0047025 0.0049963 0.0059879 0.0085042 0.0060089 0.0059879 0.0097668 0.0035338 0.0059841 0.0124921 0.0121788 0.0109832 0.0085141 0.0098440 0.0065151 0.0060218 0.0106353 0.0147387 0.0233410 0.0204503 0.0204865 0.0250570 0.0341242 0.0251749 0.0249047 0.0248774 0.0266679 0.0249763 0.0229903 0.0181216 0.0101886 0.0374538 0.0049810 0.0397171 0.0349155 0.0651749 0.0727302 0.0775259 0.0630834 0.0095242 0.0659022 0.1022782 0.1183754 0.1093612 
Metabiantes_DNA100703   0.0088192 0.0195932 0.0191348 0.0151308 0.0137444 0.0123922 0.0123859 0.0085849 0.0149488 0.0125016 0.0130536 0.0078366 0.0065784 0.0015409 0.0065784 0.0072485 0.0085227 0.0090940 0.0000000 0.0005774 0.0142022 0.0135400 0.0149332 0.0141222 0.0097352 0.0109934 0.0115510 0.0116625 0.0091115 0.0035326 0.0054038 0.0065784 0.0149457 0.0170530 0.0149774 0.0130017 0.0176726 0.0156918 0.0206777 0.0223252 0.0188534 0.0170150 0.0306113 0.0211884 0.0219264 0.0247146 0.0185766 0.0177654 0.0179746 0.0192476 0.0199257 0.0192104 0.0249466 0.0158016 0.0222466 0.0221648 0.0187302 0.0179014 0.0144756 0.0194620 0.0205372 0.0200992 0.0137960 0.0165506 0.0245229 0.0293472 0.0228224 0.0233922 0.0257434 0.0311428 0.0176447 0.0176226 0.0199618 0.0158932 0.0158398 0.0158282 0.0292689 0.0213551 0.0280143 0.0324391 0.0304436 0.0181286 0.0358462 0.0455683 0.0312098 0.0265070 0.0309824 0.0310665 0.0309648 0.0379005 0.0216912 0.0197460 0.0175970 0.0231902 0.0142103 0.0160573 0.0135313 0.0158581 0.0136002 0.0109903 0.0127484 0.0047541 0.0105512 0.0108246 0.0070760 0.0070792 0.0095424 0.0070990 0.0071704 0.0070995 0.0072189 0.0071095 0.0083925 0.0083246 0.0083680 0.0071295 0.0071226 0.0104808 0.0070933 0.0095659 0.0083401 0.0164948 0.0083643 0.0131400 0.0095126 0.0084429 0.0070959 0.0073250 0.0071396 0.0083246 0.0074364 0.0083365 0.0095755 0.0109914 0.0083662 0.0095911 0.0084136 0.0096941 0.0096822 0.0096645 0.0083482 0.0096455 0.0099220 0.0083600 0.0096487 0.0092262 0.0095766 0.0096117 0.0075497 0.0084413 0.0110096 0.0084717 0.0084413 0.0122923 0.0109166 0.0084357 0.0168493 0.0169603 0.0159013 0.0144256 0.0149779 0.0119074 0.0084895 0.0161971 0.0196853 0.0320179 0.0279835 0.0280445 0.0330009 0.0455425 0.0331701 0.0328026 0.0327648 0.0347680 0.0329005 0.0306175 0.0256689 0.0196590 0.0434538 0.0075260 0.0421789 0.0396833 0.0725724 0.0793395 0.0847003 0.0702022 0.0187365 0.0676494 0.1062766 0.1226585 0.1134679 
Metabiantes_DNA100704   0.0073156 0.0189043 0.0184628 0.0157909 0.0143961 0.0130362 0.0130296 0.0085849 0.0142993 0.0131515 0.0124086 0.0072200 0.0059689 0.0000010 0.0059689 0.0066317 0.0078988 0.0084717 0.0005774 0.0000000 0.0135595 0.0129005 0.0142843 0.0134832 0.0091095 0.0103631 0.0108878 0.0110279 0.0097373 0.0029382 0.0047940 0.0059689 0.0142963 0.0163898 0.0143266 0.0123594 0.0170100 0.0150353 0.0213628 0.0230451 0.0181694 0.0163546 0.0298769 0.0205087 0.0212425 0.0240022 0.0179030 0.0170993 0.0172488 0.0185719 0.0192476 0.0185359 0.0242458 0.0151413 0.0215524 0.0214733 0.0180507 0.0172300 0.0138192 0.0187782 0.0198371 0.0194147 0.0144823 0.0172462 0.0238159 0.0286281 0.0218901 0.0227010 0.0250377 0.0318776 0.0183086 0.0182856 0.0206436 0.0165599 0.0165041 0.0164920 0.0283156 0.0222285 0.0272621 0.0316757 0.0296974 0.0181286 0.0366150 0.0447630 0.0304759 0.0257972 0.0302392 0.0303212 0.0302217 0.0371192 0.0210148 0.0190740 0.0169373 0.0225050 0.0142103 0.0160573 0.0135313 0.0158581 0.0136002 0.0109903 0.0127484 0.0047541 0.0105512 0.0108246 0.0070760 0.0070792 0.0095424 0.0070990 0.0071704 0.0070995 0.0072189 0.0071095 0.0083925 0.0083246 0.0083680 0.0071295 0.0071226 0.0104808 0.0070933 0.0095659 0.0083401 0.0158309 0.0083643 0.0131400 0.0095126 0.0084429 0.0070959 0.0073250 0.0071396 0.0083246 0.0074364 0.0083365 0.0095755 0.0109914 0.0083662 0.0095911 0.0084136 0.0096941 0.0096822 0.0096645 0.0083482 0.0096455 0.0099220 0.0083600 0.0096487 0.0092262 0.0095766 0.0096117 0.0075497 0.0084413 0.0110096 0.0084717 0.0084413 0.0122923 0.0109166 0.0084357 0.0168493 0.0169603 0.0159013 0.0144256 0.0149779 0.0119074 0.0084895 0.0161971 0.0189931 0.0320179 0.0279835 0.0280445 0.0330009 0.0455425 0.0331701 0.0328026 0.0327648 0.0347680 0.0329005 0.0306175 0.0256689 0.0196590 0.0426634 0.0075260 0.0429829 0.0388917 0.0735385 0.0803401 0.0847003 0.0711464 0.0187365 0.0685872 0.1074251 0.1238949 0.1146510 
