169
Zalmoxida                0.0000000 0.0396726 0.0300262 0.0098013 0.0042722 0.0271268 0.0229242 0.0128969 0.0215103 0.0215244 0.0240506 0.0240506 0.0221292 0.0240178 0.0229224 0.0217271 0.0179989 0.0230141 0.0227254 0.0217493 0.0275061 0.0244711 0.0243999 0.0239285 0.0251714 0.0276250 0.0143637 0.0143637 0.0137563 0.0284434 0.0277308 0.0226319 0.0268707 0.0289349 0.0275164 0.0317272 0.0306697 0.0271810 0.0271810 0.0272615 0.0298669 0.0330092 0.0302346 0.0302685 0.0315528 0.0346783 0.0334724 0.0281123 0.0369587 0.0532917 0.0211260 0.0211260 0.0240506 0.0228920 0.0243309 0.0231575 0.0336006 0.0362929 0.0326080 0.0312143 0.0608901 0.0360746 0.0237106 0.0274427 0.0369634 0.0349842 0.0437633 0.0459493 0.0222290 0.0755269 0.0201127 0.0549199 0.0530389 0.0549199 0.0473321 0.0510962 0.0490275 0.0530418 0.0528865 0.0588947 0.0527736 0.0528469 0.0548018 0.0583571 0.0493376 0.0584561 0.0511879 0.0636950 0.0524557 0.0409827 0.0528983 0.0572345 0.0632082 0.0441966 0.0581906 0.0538951 0.0559724 0.0620384 0.0624922 0.0721709 0.0679895 0.0631376 0.0671856 0.0580161 0.0606482 0.0534839 0.0574394 0.0579461 0.0748074 0.0580819 0.0563620 0.0776303 0.0696396 0.0812357 0.0542546 0.0522420 0.0543325 0.0308340 0.0180269 0.0175756 0.0163882 0.0224675 0.0340500 0.0448468 0.0457973 0.0398666 0.0396167 0.0437151 0.0424442 0.0356182 0.0287687 0.0325399 0.0350235 0.0545458 0.0506552 0.0475143 0.0897733 0.0681004 0.0579606 0.0683501 0.0559056 0.0798238 0.0731685 0.0643019 0.0634182 0.0767806 0.0661399 0.0759617 0.0794684 0.0889639 0.0654987 0.0704422 0.0639832 0.0042722 0.0214705 9.0000000 9.0000000 0.0285649 9.0000000 0.0542825 9.0000000 9.0000000 0.1553647 0.1357551 0.2488495 0.1897677 0.2101392 0.0997784 0.0373442 
Agoristenidae_DNA105839  0.0396726 0.0000000 0.0244913 0.0174894 9.0000000 0.0305413 0.0359290 0.0154816 0.0237274 0.0237459 0.0229642 0.0229642 0.0230056 0.0244062 0.0224483 0.0270201 0.0240785 0.0361192 0.0328778 0.0260354 0.0251759 0.0207241 0.0207593 0.0208932 0.0222807 0.0215196 0.0238009 0.0238009 0.0246766 0.0216236 0.0291782 0.0244043 0.0293750 0.0316839 0.0276987 0.0355202 0.0295133 0.0269439 0.0269439 0.0283149 0.0237268 0.0378680 0.0337143 0.0343959 0.0376096 0.0326504 0.0355851 0.0276306 0.0360548 0.0402701 0.0332430 0.0332430 0.0229642 0.0217281 0.0311801 0.0297403 0.0376031 0.0304794 0.0271237 0.0247916 0.0335477 0.0285984 0.0180427 0.0277146 0.0302953 0.0286404 0.0391124 0.0541501 0.0260675 0.0490219 0.0238080 0.0592704 0.0594444 0.0592704 0.0600962 0.0592333 0.0594947 0.0573466 0.0571844 0.0633449 0.0593781 0.0544035 0.0543255 0.0530766 0.0525596 0.0531660 0.0594653 0.0664322 0.0455454 0.0603132 0.0554472 0.0685789 0.0674736 0.0572184 0.0673703 0.0653496 0.0675726 0.0651606 0.0627509 0.0702017 0.0708849 0.0633991 0.0652729 0.0607423 0.0618443 0.0584489 0.0556143 0.0600270 0.0728059 0.0686908 0.0709372 0.0755974 0.0718656 0.0815223 0.0537855 0.0517892 0.0538621 0.0593068 0.0216733 0.0299391 0.0261780 0.0367046 0.0332151 0.0449445 0.0498549 0.0461169 0.0427092 0.0486202 0.0473384 0.0435494 0.0364589 0.0269155 0.0442192 0.0462492 0.0473999 0.0452372 0.0557750 0.0608475 0.0461632 0.0608811 0.0533203 0.0624465 0.0592377 0.0490753 0.0484930 0.0603955 0.0511760 0.0628292 0.0731480 0.0585615 0.0587693 0.0680999 0.0682141 0.0072743 0.0100109 0.0072743 0.0000010 0.0359283 0.0000010 0.0641659 0.0073196 0.0350194 0.1202272 0.1563159 0.3120761 0.2159614 0.2465443 0.1168811 0.0817595 
Stygnopsidae_DNA104855   0.0300262 0.0244913 0.0000000 0.0096689 0.0088878 0.0282087 0.0199656 0.0106000 0.0235342 0.0235681 0.0235235 0.0229753 0.0218648 0.0238051 0.0237271 0.0142829 0.0145146 0.0211673 0.0202493 0.0248023 0.0273280 0.0257552 0.0259155 0.0248336 0.0258581 0.0286782 0.0191305 0.0270496 0.0271464 0.0225641 0.0286628 0.0268514 0.0313450 0.0315617 0.0278942 0.0341061 0.0275000 0.0273495 0.0273734 0.0133689 0.0072394 0.0334427 0.0318737 0.0282848 0.0316928 0.0301861 0.0345511 0.0301311 0.0458419 0.0578288 0.0347654 0.0319318 0.0235235 0.0214443 0.0324194 0.0342897 0.0365180 0.0348797 0.0310716 0.0299740 0.0586902 0.0329679 0.0251413 0.0288135 0.0327014 0.0336610 0.0432945 0.0467807 0.0239934 0.0752824 0.0299659 0.0402185 0.0403275 0.0383964 0.0406912 0.0401457 0.0403090 0.0400961 0.0402185 0.0419324 0.0384623 0.0401457 0.0400915 0.0422782 0.0415715 0.0402442 0.0385141 0.0444591 0.0362889 0.0544147 0.0536513 0.0461473 0.0454564 0.0510248 0.0459439 0.0441173 0.0460718 0.0440517 0.0419887 0.0483470 0.0487883 0.0462193 0.0441236 0.0411657 0.0491728 0.0391793 0.0403099 0.0425284 0.0505669 0.0493597 0.0517483 0.0581019 0.0621527 0.0703459 0.0323972 0.0341153 0.0324389 0.0500045 0.0232136 0.0368314 0.0161380 0.0207535 0.0339994 0.0361640 0.0427843 0.0349158 0.0335697 0.0334996 0.0395236 0.0328872 0.0248054 0.0185197 0.0361276 0.0613236 0.0555395 0.0535717 0.0922487 0.0665781 0.0622450 0.0560780 0.0587778 0.0618692 0.0558904 0.0501931 0.0476440 0.0598349 0.0500389 0.0619123 0.0679461 0.1086009 0.0830124 0.0868952 0.0613602 0.0528177 0.0222789 0.1683075 0.1813963 0.0297846 0.1958775 0.0641119 0.2139460 0.3683520 0.1569714 0.1408990 0.2537879 0.1920851 0.2287320 0.1367645 0.0800490 
Assamiidae_DNA104857     0.0098013 0.0174894 0.0096689 0.0000000 0.0000010 0.0000010 0.0008732 0.0072598 0.0063149 0.0063217 0.0062736 0.0062736 0.0081621 0.0081113 0.0072845 0.0072845 0.0091572 0.0121740 0.0064070 0.0082051 0.0081865 0.0081505 0.0075213 0.0072248 0.0090822 0.0100173 0.0091660 0.0092258 0.0091445 0.0073152 0.0110862 0.0075348 0.0132583 0.0097850 0.0082269 0.0100985 0.0081794 0.0081138 0.0081138 0.0101085 0.0082573 0.0110779 0.0090774 0.0091759 0.0091540 0.0127436 0.0109857 0.0054086 0.0116223 9.0000000 0.0102353 0.0102353 0.0055905 0.0065862 0.0101302 0.0101302 0.0062864 0.0186202 0.0152518 0.0131426 9.0000000 0.0193241 0.0048154 0.0076055 0.0094871 0.0062416 0.0111992 9.0000000 0.0058284 9.0000000 0.0042558 9.0000000 9.0000000 9.0000000 9.0000000 9.0000000 9.0000000 9.0000000 9.0000000 9.0000000 9.0000000 9.0000000 9.0000000 9.0000000 9.0000000 9.0000000 9.0000000 9.0000000 9.0000000 9.0000000 9.0000000 9.0000000 9.0000000 9.0000000 9.0000000 9.0000000 9.0000000 9.0000000 9.0000000 9.0000000 9.0000000 9.0000000 9.0000000 9.0000000 9.0000000 9.0000000 9.0000000 9.0000000 9.0000000 9.0000000 9.0000000 9.0000000 9.0000000 9.0000000 9.0000000 9.0000000 9.0000000 9.0000000 0.0091724 0.0101302 0.0038051 0.0056160 0.0142820 9.0000000 9.0000000 9.0000000 9.0000000 9.0000000 9.0000000 9.0000000 9.0000000 0.0021090 0.0021758 0.0356497 0.0237167 0.0211665 9.0000000 0.0926048 9.0000000 9.0000000 9.0000000 9.0000000 9.0000000 9.0000000 9.0000000 9.0000000 9.0000000 9.0000000 9.0000000 9.0000000 0.0267845 0.0164916 0.0892746 0.0000010 0.0066475 9.0000000 9.0000000 0.0129199 9.0000000 0.0114880 9.0000000 9.0000000 9.0000000 0.1112909 0.1804231 0.0756356 0.1480467 0.0259449 0.0415749 
Kimula                   0.0042722 9.0000000 0.0088878 0.0000010 0.0000000 0.0000010 0.0000010 0.0000010 0.0000010 0.0000010 0.0000010 0.0000010 0.0000010 0.0000010 0.0000010 0.0000010 0.0000010 0.0000010 0.0000010 0.0021209 0.0021090 0.0021090 0.0023229 0.0021090 0.0021090 0.0021090 0.0042722 0.0042722 0.0042722 0.0021090 0.0021090 0.0000010 0.0000010 0.0000010 0.0021090 0.0021094 0.0000010 0.0042483 0.0042483 0.0042951 0.0065194 0.0021090 0.0021090 0.0043114 0.0042722 0.0042483 0.0021090 0.0021090 9.0000000 9.0000000 0.0064814 0.0064814 0.0000010 0.0000010 0.0021090 0.0021090 0.0000010 0.0088896 0.0065525 0.0065525 9.0000000 0.0137523 0.0021090 0.0021209 9.0000000 9.0000000 9.0000000 9.0000000 0.0000010 9.0000000 0.0023275 9.0000000 9.0000000 9.0000000 9.0000000 9.0000000 9.0000000 9.0000000 9.0000000 9.0000000 9.0000000 9.0000000 9.0000000 9.0000000 9.0000000 9.0000000 9.0000000 9.0000000 9.0000000 9.0000000 9.0000000 9.0000000 9.0000000 9.0000000 9.0000000 9.0000000 9.0000000 9.0000000 9.0000000 9.0000000 9.0000000 9.0000000 9.0000000 9.0000000 9.0000000 9.0000000 9.0000000 9.0000000 9.0000000 9.0000000 9.0000000 9.0000000 9.0000000 9.0000000 9.0000000 9.0000000 9.0000000 9.0000000 0.0000010 0.0021090 0.0000010 0.0000010 0.0043393 9.0000000 9.0000000 9.0000000 9.0000000 9.0000000 9.0000000 9.0000000 9.0000000 0.0021090 0.0021758 0.0387576 0.0149294 0.0181735 9.0000000 9.0000000 9.0000000 9.0000000 9.0000000 9.0000000 9.0000000 9.0000000 9.0000000 9.0000000 9.0000000 9.0000000 9.0000000 9.0000000 0.0267845 0.0164916 9.0000000 0.0000010 0.0021209 9.0000000 9.0000000 0.0042474 9.0000000 0.0114880 9.0000000 9.0000000 9.0000000 0.0257259 0.0460592 0.0403567 0.0426891 0.0259449 0.0163102 
Paktongius               0.0271268 0.0305413 0.0282087 0.0000010 0.0000010 0.0000000 0.0005231 0.0072598 0.0183892 0.0179040 0.0215570 0.0210257 0.0210893 0.0245659 0.0212564 0.0171619 0.0186643 0.0242043 0.0232915 0.0233869 0.0280290 0.0258064 0.0259651 0.0249009 0.0253563 0.0298047 0.0217014 0.0280118 0.0261399 0.0245568 0.0294084 0.0209317 0.0291841 0.0293848 0.0285330 0.0348902 0.0327754 0.0284793 0.0279417 0.0224072 0.0240554 0.0331086 0.0276127 0.0260757 0.0260012 0.0368395 0.0315359 0.0272726 0.0397705 0.0570678 0.0274341 0.0256364 0.0215164 0.0194531 0.0272700 0.0278747 0.0228526 0.0369240 0.0330888 0.0325758 0.0613682 0.0370944 0.0246696 0.0243912 0.0202384 0.0158064 0.0236688 0.0608705 0.0186079 0.0762519 0.0253188 0.0213433 0.0213960 0.0197766 0.0215644 0.0212957 0.0213745 0.0212721 0.0182309 0.0228524 0.0198090 0.0181892 0.0181673 0.0245204 0.0251863 0.0228076 0.0198332 0.0246703 0.0197214 0.0308567 0.0326675 0.0296379 0.0292214 0.0298245 0.0182597 0.0167483 0.0183041 0.0167487 0.0151717 0.0200181 0.0201820 0.0153186 0.0167739 0.0052463 0.0108445 0.0038929 0.0051467 0.0065324 0.0199727 0.0210549 0.0220069 0.0277940 0.0304187 0.0412095 0.0487420 0.0467857 0.0488110 0.0554423 0.0200037 0.0291745 0.0176455 0.0217257 0.0342599 0.0491817 0.0541611 0.0497632 0.0443620 0.0445673 0.0510662 0.0401230 0.0307545 0.0261553 0.0284526 0.0623092 0.0569373 0.0571600 0.1034212 0.0729698 0.0635566 0.0800993 0.0665927 0.0823100 0.0704756 0.0687634 0.0657210 0.0816002 0.0749798 0.0873622 0.0967635 0.1254864 0.0940338 0.0912137 0.0753349 0.0219246 0.0136849 0.0973739 0.0736921 0.0272992 0.1425808 0.0597941 0.1672423 0.2895453 0.1632062 0.1517992 0.2450818 0.1887262 0.2213879 0.1391539 0.0712755 
Assamiidae_DNA104859     0.0229242 0.0359290 0.0199656 0.0008732 0.0000010 0.0005231 0.0000000 0.0081901 0.0153155 0.0153257 0.0178209 0.0178209 0.0191183 0.0202534 0.0167729 0.0167729 0.0192127 0.0234763 0.0235736 0.0226615 0.0229928 0.0203854 0.0203140 0.0199102 0.0211537 0.0209588 0.0233153 0.0234003 0.0212304 0.0221472 0.0252899 0.0196005 0.0290868 0.0294423 0.0239246 0.0274903 0.0257874 0.0236032 0.0236032 0.0191755 0.0174310 0.0272727 0.0230354 0.0237630 0.0243954 0.0303373 0.0257312 0.0200809 0.0340297 0.0487267 0.0230014 0.0230014 0.0176788 0.0177772 0.0219112 0.0207493 0.0154963 0.0311815 0.0281110 0.0254038 0.0524887 0.0326054 0.0187901 0.0210429 0.0135839 0.0112103 0.0169113 0.0592673 0.0165818 0.0800887 0.0206849 0.0221287 0.0221287 0.0205000 0.0220500 0.0220500 0.0220500 0.0220527 0.0188937 0.0236959 0.0205000 0.0188257 0.0188257 0.0222618 0.0239231 0.0205260 0.0205000 0.0239921 0.0157551 0.0307654 0.0289346 0.0303215 0.0303215 0.0297346 0.0156911 0.0156911 0.0156911 0.0156911 0.0140742 0.0190112 0.0190112 0.0141790 0.0156961 0.0053704 0.0039733 0.0039733 0.0053196 0.0067396 0.0207365 0.0210549 0.0206054 0.0188774 0.0278437 0.0327719 0.0469649 0.0449611 0.0469649 0.0526106 0.0173125 0.0208195 0.0183081 0.0224237 0.0281424 0.0474034 0.0507024 0.0479671 0.0426038 0.0428017 0.0492334 0.0401791 0.0307957 0.0199898 0.0297585 0.0538693 0.0485142 0.0480616 0.0965505 0.0813286 0.0652033 0.0620654 0.0662252 0.0703233 0.0577002 0.0603418 0.0553526 0.0667460 0.0661671 0.0671817 0.0773377 0.0604371 0.0488002 0.0596026 0.0760937 0.0000010 0.0081996 9.0000000 9.0000000 0.0252652 9.0000000 0.0489170 9.0000000 9.0000000 0.1733785 0.1519057 0.2406238 0.1685352 0.2030508 0.0859170 0.0427928 
Guasinia                 0.0128969 0.0154816 0.0106000 0.0072598 0.0000010 0.0072598 0.0081901 0.0000000 0.0026438 0.0026466 0.0017640 0.0017640 0.0035717 0.0035496 0.0044516 0.0044516 0.0062676 0.0091546 0.0044915 0.0082090 0.0081905 0.0081544 0.0075252 0.0072284 0.0090863 0.0100218 0.0091702 0.0092300 0.0091487 0.0092003 0.0110910 0.0018270 0.0111604 0.0096586 0.0101165 0.0121178 0.0101503 0.0100679 0.0100679 0.0101130 0.0101543 0.0120184 0.0119930 0.0082240 0.0100842 0.0138582 0.0148192 0.0091214 0.0169488 9.0000000 0.0141211 0.0141211 0.0009123 0.0046392 0.0141041 0.0141041 0.0119876 0.0207007 0.0172605 0.0151105 9.0000000 0.0213831 0.0038298 0.0046369 0.0161301 0.0163321 0.0182432 9.0000000 0.0034243 9.0000000 0.0063938 9.0000000 9.0000000 9.0000000 9.0000000 9.0000000 9.0000000 9.0000000 9.0000000 9.0000000 9.0000000 9.0000000 9.0000000 9.0000000 9.0000000 9.0000000 9.0000000 9.0000000 9.0000000 9.0000000 9.0000000 9.0000000 9.0000000 9.0000000 9.0000000 9.0000000 9.0000000 9.0000000 9.0000000 9.0000000 9.0000000 9.0000000 9.0000000 9.0000000 9.0000000 9.0000000 9.0000000 9.0000000 9.0000000 9.0000000 9.0000000 9.0000000 9.0000000 9.0000000 9.0000000 9.0000000 9.0000000 9.0000000 0.0035635 0.0141041 0.0028252 0.0046376 0.0162833 9.0000000 9.0000000 9.0000000 9.0000000 9.0000000 9.0000000 9.0000000 9.0000000 0.0021090 0.0021758 0.0356516 0.0261937 0.0211719 9.0000000 0.0974793 9.0000000 9.0000000 9.0000000 9.0000000 9.0000000 9.0000000 9.0000000 9.0000000 9.0000000 9.0000000 9.0000000 9.0000000 0.0267845 0.0164916 0.0876754 0.0000010 0.0056412 9.0000000 9.0000000 0.0138628 9.0000000 0.0114880 9.0000000 9.0000000 9.0000000 0.1129276 0.1860829 0.0795086 0.1464800 0.0259449 0.0452813 
Icaleptes_DNA104053      0.0215103 0.0237274 0.0235342 0.0063149 0.0000010 0.0183892 0.0153155 0.0026438 0.0000000 0.0004232 0.0065499 0.0060979 0.0052276 0.0094468 0.0103067 0.0086109 0.0098682 0.0147794 0.0140359 0.0156587 0.0179984 0.0159935 0.0159146 0.0151177 0.0155823 0.0195815 0.0163687 0.0198553 0.0203736 0.0182856 0.0212026 0.0030678 0.0157875 0.0177129 0.0219305 0.0269777 0.0230072 0.0204536 0.0209584 0.0176515 0.0206851 0.0235462 0.0227772 0.0171723 0.0186026 0.0264916 0.0256460 0.0216376 0.0305265 0.0361538 0.0253226 0.0246630 0.0062150 0.0081072 0.0234701 0.0246410 0.0286410 0.0258787 0.0230611 0.0218995 0.0363875 0.0270253 0.0156354 0.0143611 0.0261263 0.0227105 0.0319167 0.0442383 0.0089614 0.0570681 0.0190490 0.0342471 0.0343364 0.0325235 0.0346302 0.0341808 0.0343146 0.0309240 0.0308220 0.0358778 0.0325779 0.0307599 0.0307206 0.0377158 0.0369426 0.0357880 0.0326201 0.0416037 0.0324511 0.0398126 0.0413551 0.0434897 0.0428516 0.0389234 0.0414606 0.0396992 0.0415726 0.0396517 0.0376860 0.0437404 0.0441295 0.0380650 0.0397149 0.0350374 0.0425713 0.0331688 0.0310878 0.0363816 0.0458553 0.0463304 0.0449496 0.0511368 0.0548397 0.0605543 0.0373028 0.0355513 0.0373518 0.0445759 0.0095149 0.0250491 0.0082994 0.0130769 0.0251479 0.0343284 0.0386725 0.0344641 0.0296780 0.0366074 0.0353612 0.0259335 0.0150634 0.0175249 0.0199458 0.0488494 0.0474267 0.0434769 0.0743750 0.0600717 0.0404322 0.0590416 0.0495920 0.0610136 0.0549991 0.0489160 0.0463761 0.0604161 0.0505387 0.0654177 0.0694044 0.1015632 0.0769500 0.0814996 0.0617040 0.0233299 0.0072032 0.0614358 0.0799238 0.0184959 0.0999899 0.0445396 0.1481367 0.2761728 0.1440917 0.1443967 0.2394303 0.1886851 0.2223511 0.1324406 0.0748932 
Icaleptes                0.0215244 0.0237459 0.0235681 0.0063217 0.0000010 0.0179040 0.0153257 0.0026466 0.0004232 0.0000000 0.0061083 0.0056578 0.0047882 0.0089897 0.0098509 0.0086164 0.0098746 0.0147893 0.0140452 0.0151865 0.0175232 0.0155244 0.0154344 0.0146482 0.0151113 0.0191006 0.0163782 0.0193678 0.0198848 0.0178030 0.0207154 0.0026274 0.0153114 0.0172204 0.0214372 0.0264673 0.0235314 0.0209700 0.0204658 0.0176629 0.0201993 0.0240726 0.0222854 0.0166953 0.0181235 0.0270293 0.0251510 0.0211507 0.0312263 0.0372311 0.0258498 0.0251956 0.0057663 0.0076506 0.0229735 0.0241394 0.0281259 0.0264172 0.0235863 0.0224182 0.0353134 0.0275696 0.0151409 0.0138792 0.0268143 0.0220913 0.0312612 0.0442383 0.0094736 0.0558197 0.0195792 0.0342471 0.0343364 0.0325235 0.0346302 0.0341808 0.0343146 0.0309240 0.0308220 0.0358778 0.0325779 0.0307599 0.0307206 0.0377158 0.0369426 0.0357880 0.0326201 0.0416037 0.0324511 0.0398126 0.0413551 0.0434897 0.0428516 0.0389234 0.0414606 0.0396992 0.0415726 0.0396517 0.0376860 0.0437404 0.0441295 0.0380650 0.0397149 0.0350374 0.0425713 0.0331688 0.0310878 0.0363816 0.0458553 0.0463304 0.0449496 0.0511368 0.0548397 0.0605543 0.0373028 0.0355513 0.0373518 0.0445759 0.0090315 0.0245073 0.0082994 0.0130865 0.0246151 0.0343284 0.0386725 0.0344641 0.0296780 0.0366074 0.0353612 0.0259335 0.0150634 0.0182084 0.0192462 0.0482438 0.0468320 0.0435360 0.0730061 0.0592715 0.0417471 0.0590416 0.0495920 0.0610136 0.0549991 0.0489160 0.0463761 0.0604161 0.0505387 0.0654177 0.0694044 0.0999967 0.0759487 0.0804694 0.0617664 0.0217861 0.0065405 0.0665594 0.0740276 0.0190208 0.0934832 0.0436435 0.1406449 0.2872117 0.1422196 0.1425542 0.2383130 0.1874700 0.2210688 0.1311092 0.0749712 
Fissiphallius_DNA104055  0.0240506 0.0229642 0.0235235 0.0062736 0.0000010 0.0215570 0.0178209 0.0017640 0.0065499 0.0061083 0.0000000 0.0004232 0.0021393 0.0061835 0.0093726 0.0074975 0.0087280 0.0135746 0.0146226 0.0165745 0.0199757 0.0179402 0.0184239 0.0175682 0.0180365 0.0210665 0.0152416 0.0182399 0.0187499 0.0192111 0.0217050 0.0062488 0.0168157 0.0177721 0.0223375 0.0285077 0.0234132 0.0213922 0.0208886 0.0141041 0.0206579 0.0245549 0.0227605 0.0166874 0.0185885 0.0269052 0.0240170 0.0200565 0.0319496 0.0384282 0.0274665 0.0262755 0.0000010 0.0076372 0.0234381 0.0246069 0.0302472 0.0251790 0.0223927 0.0202470 0.0329398 0.0263718 0.0176517 0.0159552 0.0296569 0.0240149 0.0349860 0.0447652 0.0122022 0.0492641 0.0185589 0.0419025 0.0420164 0.0400649 0.0389388 0.0384196 0.0385748 0.0417768 0.0382501 0.0436286 0.0401337 0.0364196 0.0363713 0.0456054 0.0449613 0.0435287 0.0401879 0.0497797 0.0361216 0.0519712 0.0531429 0.0443295 0.0436698 0.0512943 0.0496270 0.0477721 0.0497665 0.0476901 0.0455747 0.0520979 0.0525771 0.0460401 0.0477683 0.0428879 0.0509743 0.0408822 0.0419984 0.0407584 0.0543751 0.0552892 0.0535883 0.0599489 0.0619491 0.0700721 0.0289462 0.0306144 0.0289828 0.0443012 0.0105801 0.0244258 0.0082962 0.0123720 0.0250511 0.0310470 0.0353564 0.0277824 0.0296372 0.0297679 0.0319776 0.0228386 0.0181715 0.0175164 0.0199997 0.0466306 0.0488231 0.0450194 0.0770073 0.0620718 0.0420256 0.0607096 0.0546990 0.0672001 0.0631845 0.0567352 0.0540254 0.0650979 0.0570622 0.0672640 0.0713036 0.1080628 0.0811041 0.0844737 0.0673712 0.0249726 0.0078870 0.0776783 0.0865351 0.0205923 0.0939994 0.0476823 0.1482502 0.3108066 0.1342764 0.1359399 0.2367182 0.1860895 0.2195283 0.1262023 0.0770762 
Fissiphallius            0.0240506 0.0229642 0.0229753 0.0062736 0.0000010 0.0210257 0.0178209 0.0017640 0.0060979 0.0056578 0.0004232 0.0000000 0.0017062 0.0057274 0.0089040 0.0074975 0.0087280 0.0135746 0.0146226 0.0160743 0.0194629 0.0174370 0.0179063 0.0170634 0.0175305 0.0205476 0.0152416 0.0187541 0.0192663 0.0186961 0.0211807 0.0057877 0.0163079 0.0172477 0.0218081 0.0279476 0.0228789 0.0213922 0.0208886 0.0141041 0.0201385 0.0240141 0.0222312 0.0161835 0.0180789 0.0263403 0.0234881 0.0195417 0.0312263 0.0372685 0.0269186 0.0262755 0.0004316 0.0071697 0.0229033 0.0240650 0.0296785 0.0246342 0.0218622 0.0197273 0.0318214 0.0258197 0.0171306 0.0154468 0.0296569 0.0233419 0.0342458 0.0447652 0.0116611 0.0505662 0.0180091 0.0419025 0.0420164 0.0400649 0.0389388 0.0384196 0.0385748 0.0417768 0.0382501 0.0436286 0.0401337 0.0364196 0.0363713 0.0456054 0.0449613 0.0435287 0.0401879 0.0497797 0.0361216 0.0519712 0.0531429 0.0443295 0.0436698 0.0512943 0.0496270 0.0477721 0.0497665 0.0476901 0.0455747 0.0520979 0.0525771 0.0460401 0.0477683 0.0428879 0.0509743 0.0408822 0.0419984 0.0407584 0.0543751 0.0552892 0.0535883 0.0599489 0.0619491 0.0700721 0.0289462 0.0306144 0.0289828 0.0443012 0.0100722 0.0238429 0.0082962 0.0123720 0.0244763 0.0310470 0.0353564 0.0277824 0.0296372 0.0297679 0.0319776 0.0228386 0.0181715 0.0168094 0.0192668 0.0473091 0.0481432 0.0456577 0.0755030 0.0620718 0.0406086 0.0607096 0.0546990 0.0672001 0.0631845 0.0567352 0.0540254 0.0650979 0.0570622 0.0672640 0.0713036 0.1063192 0.0799952 0.0833391 0.0673712 0.0233299 0.0072028 0.0718054 0.0799238 0.0200496 0.0871523 0.0466947 0.1401862 0.2984388 0.1323354 0.1369558 0.2381123 0.1873903 0.2181595 0.1262023 0.0757990 
Zalmoxis                 0.0221292 0.0230056 0.0218648 0.0081621 0.0000010 0.0210893 0.0191183 0.0035717 0.0052276 0.0047882 0.0021393 0.0017062 0.0000000 0.0044005 0.0089507 0.0075298 0.0087662 0.0136351 0.0146456 0.0151243 0.0184631 0.0170245 0.0169687 0.0161453 0.0166123 0.0206552 0.0147484 0.0178018 0.0183118 0.0181605 0.0206327 0.0053509 0.0158685 0.0178059 0.0208661 0.0273556 0.0223187 0.0214566 0.0209515 0.0152064 0.0190885 0.0229371 0.0217943 0.0167180 0.0186227 0.0257447 0.0225024 0.0195545 0.0299593 0.0340624 0.0252940 0.0246347 0.0021821 0.0062747 0.0213175 0.0224583 0.0273993 0.0241158 0.0213557 0.0192296 0.0298672 0.0263385 0.0167020 0.0154933 0.0268352 0.0219807 0.0350739 0.0410125 0.0117000 0.0520006 0.0180075 0.0419747 0.0420891 0.0401337 0.0407340 0.0401879 0.0403514 0.0384384 0.0383156 0.0437040 0.0402028 0.0362306 0.0361828 0.0456847 0.0450411 0.0436039 0.0402572 0.0498674 0.0361828 0.0482903 0.0495838 0.0461902 0.0454988 0.0475418 0.0497144 0.0478561 0.0498544 0.0477736 0.0456540 0.0521905 0.0526714 0.0461208 0.0478521 0.0429633 0.0510660 0.0409538 0.0386439 0.0425712 0.0544724 0.0553930 0.0536861 0.0600569 0.0616550 0.0702022 0.0287959 0.0304558 0.0288321 0.0405956 0.0096207 0.0226900 0.0083356 0.0124325 0.0233593 0.0295028 0.0338069 0.0262593 0.0265043 0.0282146 0.0303879 0.0213626 0.0152788 0.0154568 0.0178710 0.0453724 0.0473757 0.0437312 0.0740998 0.0576661 0.0394011 0.0564883 0.0515901 0.0628544 0.0592929 0.0529511 0.0503190 0.0607958 0.0532706 0.0629015 0.0668077 0.1016782 0.0770096 0.0790314 0.0638713 0.0218200 0.0072079 0.0668569 0.0743902 0.0206323 0.0876155 0.0457550 0.1319127 0.2888759 0.1304704 0.1348142 0.2357343 0.1858344 0.2164911 0.1277648 0.0743700 
Ethobunus                0.0240178 0.0244062 0.0238051 0.0081113 0.0000010 0.0245659 0.0202534 0.0035496 0.0094468 0.0089897 0.0061835 0.0057274 0.0044005 0.0000000 0.0134058 0.0085962 0.0098511 0.0147538 0.0157981 0.0188920 0.0229622 0.0208397 0.0208753 0.0199445 0.0199465 0.0246497 0.0157357 0.0210796 0.0216073 0.0221207 0.0252787 0.0092025 0.0202322 0.0223731 0.0215780 0.0295653 0.0253915 0.0239581 0.0234469 0.0163787 0.0214273 0.0250123 0.0221086 0.0179046 0.0199020 0.0290462 0.0266105 0.0235417 0.0349455 0.0424474 0.0290172 0.0268270 0.0063110 0.0106523 0.0260224 0.0261512 0.0319241 0.0261378 0.0232868 0.0221622 0.0375417 0.0295027 0.0201331 0.0193654 0.0317596 0.0293384 0.0410684 0.0447652 0.0157836 0.0590636 0.0211462 0.0453754 0.0455001 0.0434994 0.0423983 0.0418287 0.0419995 0.0417768 0.0416468 0.0471335 0.0435745 0.0397781 0.0397249 0.0491605 0.0485814 0.0470312 0.0436340 0.0534378 0.0394545 0.0519712 0.0531429 0.0479003 0.0471814 0.0512943 0.0532835 0.0513984 0.0534349 0.0512984 0.0491300 0.0558219 0.0563399 0.0496312 0.0513830 0.0464428 0.0547274 0.0443906 0.0419984 0.0442463 0.0581587 0.0592727 0.0574341 0.0638375 0.0659575 0.0742302 0.0320988 0.0338023 0.0321399 0.0443012 0.0133758 0.0266912 0.0095149 0.0136578 0.0254736 0.0310470 0.0353564 0.0277824 0.0296372 0.0297679 0.0319776 0.0228386 0.0181715 0.0193687 0.0212221 0.0495042 0.0493634 0.0491086 0.0833083 0.0611965 0.0495327 0.0607096 0.0546990 0.0672001 0.0631845 0.0567352 0.0540254 0.0650979 0.0570622 0.0672640 0.0713036 0.1064867 0.0796259 0.0810703 0.0673672 0.0319626 0.0131117 0.1158225 0.1389200 0.0236722 0.1402867 0.0521000 0.1705585 0.3379190 0.1383720 0.1360120 0.2461364 0.1928615 0.2258073 0.1086189 0.0784862 
Stenostygnus_DNA104847   0.0229224 0.0224483 0.0237271 0.0072845 0.0000010 0.0212564 0.0167729 0.0044516 0.0103067 0.0098509 0.0093726 0.0089040 0.0089507 0.0134058 0.0000000 0.0000010 0.0020967 0.0065217 0.0087451 0.0122653 0.0202303 0.0181690 0.0186645 0.0177937 0.0182675 0.0213354 0.0148303 0.0184758 0.0189923 0.0209897 0.0230001 0.0114943 0.0184261 0.0204673 0.0237045 0.0282428 0.0241550 0.0206024 0.0200964 0.0153762 0.0225154 0.0308436 0.0267438 0.0219804 0.0223989 0.0277142 0.0264816 0.0214052 0.0331225 0.0386949 0.0239912 0.0233124 0.0086126 0.0035148 0.0219533 0.0231073 0.0276125 0.0278085 0.0248049 0.0242611 0.0382190 0.0305580 0.0178856 0.0145636 0.0256129 0.0237870 0.0346282 0.0414832 0.0133559 0.0615339 0.0197288 0.0367115 0.0368098 0.0349306 0.0371348 0.0366416 0.0367888 0.0332821 0.0331721 0.0383920 0.0349902 0.0366416 0.0365928 0.0421461 0.0414381 0.0401171 0.0350367 0.0443218 0.0346053 0.0445430 0.0459589 0.0462839 0.0455899 0.0389529 0.0499625 0.0480977 0.0501036 0.0480139 0.0458853 0.0524490 0.0529336 0.0463557 0.0480930 0.0412929 0.0493169 0.0393018 0.0370285 0.0426572 0.0547398 0.0556762 0.0518983 0.0582578 0.0623171 0.0705177 0.0291209 0.0307991 0.0291579 0.0373642 0.0106787 0.0233922 0.0034697 0.0124648 0.0276924 0.0295600 0.0338721 0.0263096 0.0249820 0.0282697 0.0304484 0.0246165 0.0168823 0.0177016 0.0215690 0.0519857 0.0541066 0.0483107 0.0858903 0.0647407 0.0481887 0.0571155 0.0490802 0.0635282 0.0574388 0.0511442 0.0485471 0.0614547 0.0514597 0.0635780 0.0675194 0.1113878 0.0831739 0.0833489 0.0642598 0.0203266 0.0086541 0.0853039 0.0551894 0.0241598 0.1092169 0.0530259 0.1585992 0.2692180 0.1352064 0.1417050 0.2429519 0.1902092 0.2188888 0.1315932 0.0780071 
Stenostygnus_DNA104850   0.0217271 0.0270201 0.0142829 0.0072845 0.0000010 0.0171619 0.0167729 0.0044516 0.0086109 0.0086164 0.0074975 0.0074975 0.0075298 0.0085962 0.0000010 0.0000000 0.0020967 0.0065217 0.0087451 0.0103886 0.0180230 0.0155823 0.0148010 0.0145199 0.0156922 0.0161323 0.0163593 0.0164152 0.0170285 0.0176499 0.0206757 0.0105649 0.0189676 0.0214900 0.0169583 0.0241541 0.0188451 0.0173698 0.0173698 0.0126276 0.0150778 0.0232654 0.0205938 0.0181794 0.0205626 0.0228260 0.0216319 0.0162946 0.0279733 0.0340075 0.0194382 0.0194382 0.0065470 0.0015843 0.0181795 0.0170596 0.0242299 0.0235426 0.0207705 0.0200875 0.0306807 0.0268305 0.0138717 0.0124114 0.0248550 0.0214956 0.0297983 0.0414832 0.0106686 0.0620776 0.0166744 0.0367115 0.0368098 0.0349306 0.0371348 0.0366416 0.0367888 0.0332821 0.0331721 0.0383920 0.0349902 0.0366416 0.0365928 0.0421461 0.0414381 0.0401171 0.0350367 0.0443218 0.0346053 0.0445430 0.0459589 0.0462839 0.0455899 0.0389529 0.0499625 0.0480977 0.0501036 0.0480139 0.0458853 0.0524490 0.0529336 0.0463557 0.0480930 0.0412929 0.0493169 0.0393018 0.0370285 0.0426572 0.0547398 0.0556762 0.0518983 0.0582578 0.0623171 0.0705177 0.0291209 0.0307991 0.0291579 0.0373642 0.0088135 0.0161781 0.0034697 0.0124648 0.0214644 0.0295600 0.0341614 0.0263096 0.0249820 0.0282697 0.0304484 0.0246165 0.0168823 0.0117789 0.0165365 0.0444315 0.0463136 0.0385690 0.0753413 0.0679638 0.0506133 0.0571155 0.0490802 0.0635282 0.0574388 0.0511442 0.0485471 0.0614547 0.0514597 0.0635780 0.0675194 0.0611707 0.0472236 0.0550211 0.0642598 0.0000010 0.0070703 9.0000000 9.0000000 0.0205501 9.0000000 0.0438495 9.0000000 9.0000000 0.1409635 0.1353558 0.2598632 0.1830436 0.2103714 0.0880671 0.0454768 
Stenostygnus_DNA104848   0.0179989 0.0240785 0.0145146 0.0091572 0.0000010 0.0186643 0.0192127 0.0062676 0.0098682 0.0098746 0.0087280 0.0087280 0.0087662 0.0098511 0.0020967 0.0020967 0.0000000 0.0087537 0.0088627 0.0105383 0.0177079 0.0140614 0.0150404 0.0147492 0.0159409 0.0146178 0.0153632 0.0154161 0.0160325 0.0167216 0.0210107 0.0119019 0.0192752 0.0218519 0.0184392 0.0232799 0.0179300 0.0170478 0.0170478 0.0105242 0.0159098 0.0249123 0.0209272 0.0196910 0.0221291 0.0219168 0.0219794 0.0177534 0.0277261 0.0321011 0.0209834 0.0209834 0.0072152 0.0000010 0.0184710 0.0173335 0.0252049 0.0233214 0.0198716 0.0185720 0.0270742 0.0266303 0.0128786 0.0138034 0.0261540 0.0235476 0.0313670 0.0401514 0.0102008 0.0609307 0.0150003 0.0382649 0.0382649 0.0364004 0.0381380 0.0381380 0.0381380 0.0346778 0.0345601 0.0400222 0.0364004 0.0381380 0.0381380 0.0403617 0.0403617 0.0382849 0.0364004 0.0444101 0.0307397 0.0445430 0.0424594 0.0475659 0.0475659 0.0389529 0.0478009 0.0478009 0.0478009 0.0478009 0.0455433 0.0523743 0.0523743 0.0458926 0.0478131 0.0425664 0.0403760 0.0403760 0.0386056 0.0443829 0.0547392 0.0556762 0.0505754 0.0482483 0.0601658 0.0612189 0.0270473 0.0287640 0.0270473 0.0346629 0.0099483 0.0173908 0.0040555 0.0131121 0.0211914 0.0274714 0.0304890 0.0249924 0.0236517 0.0269419 0.0291067 0.0248596 0.0170447 0.0111725 0.0169475 0.0459577 0.0441350 0.0413822 0.0746314 0.0674406 0.0506133 0.0413145 0.0490802 0.0525041 0.0457174 0.0436597 0.0393185 0.0480074 0.0438148 0.0456966 0.0505710 0.0435009 0.0368745 0.0441770 0.0654383 0.0000010 0.0063257 9.0000000 9.0000000 0.0235278 9.0000000 0.0426970 9.0000000 9.0000000 0.1427113 0.1358291 0.2460247 0.1683683 0.2018394 0.0863853 0.0466527 
Stenostygnus_DNA104849   0.0230141 0.0361192 0.0211673 0.0121740 0.0000010 0.0242043 0.0234763 0.0091546 0.0147794 0.0147893 0.0135746 0.0135746 0.0136351 0.0147538 0.0065217 0.0065217 0.0087537 0.0000000 0.0130018 0.0173589 0.0231042 0.0204844 0.0204152 0.0200076 0.0200100 0.0210602 0.0206540 0.0207281 0.0201257 0.0234019 0.0266369 0.0170581 0.0226269 0.0254912 0.0232686 0.0291021 0.0246791 0.0211456 0.0211456 0.0179268 0.0212140 0.0307605 0.0278272 0.0252270 0.0277827 0.0270643 0.0263058 0.0219040 0.0359831 0.0420445 0.0253059 0.0253059 0.0132906 0.0078277 0.0214109 0.0202443 0.0284487 0.0297887 0.0253145 0.0253641 0.0365938 0.0326414 0.0169217 0.0177552 0.0323079 0.0295385 0.0379610 0.0509328 0.0151150 0.0736386 0.0214437 0.0489185 0.0489185 0.0468931 0.0487659 0.0487659 0.0487659 0.0450363 0.0448916 0.0508124 0.0468931 0.0487659 0.0487659 0.0512342 0.0512342 0.0489508 0.0468931 0.0556568 0.0406716 0.0558310 0.0535438 0.0589954 0.0589954 0.0498740 0.0549868 0.0549868 0.0549868 0.0549868 0.0525731 0.0598638 0.0598638 0.0529784 0.0550006 0.0536676 0.0512496 0.0512496 0.0493432 0.0556235 0.0623842 0.0634817 0.0579741 0.0554924 0.0681701 0.0649815 0.0365817 0.0384532 0.0365817 0.0449881 0.0137117 0.0203130 0.0090110 0.0187099 0.0267102 0.0371607 0.0403272 0.0342257 0.0328499 0.0364331 0.0389018 0.0340310 0.0255510 0.0160263 0.0201405 0.0530881 0.0514311 0.0438082 0.0883776 0.0767151 0.0623538 0.0524467 0.0686237 0.0646609 0.0572623 0.0550471 0.0502684 0.0597509 0.0551966 0.0572407 0.0625891 0.0547928 0.0433435 0.0510749 0.0753183 0.0000010 0.0111500 9.0000000 9.0000000 0.0282191 9.0000000 0.0501978 9.0000000 9.0000000 0.1612806 0.1477535 0.2607868 0.1786052 0.2133887 0.0957116 0.0471756 
Fijicolana               0.0227254 0.0328778 0.0202493 0.0064070 0.0000010 0.0232915 0.0235736 0.0044915 0.0140359 0.0140452 0.0146226 0.0146226 0.0146456 0.0157981 0.0087451 0.0087451 0.0088627 0.0130018 0.0000000 0.0053561 0.0220176 0.0194637 0.0187525 0.0183865 0.0196025 0.0213600 0.0191497 0.0192171 0.0204997 0.0204360 0.0261593 0.0155480 0.0218270 0.0245284 0.0222325 0.0272679 0.0243039 0.0213858 0.0213858 0.0189307 0.0215737 0.0277047 0.0248764 0.0223503 0.0248374 0.0285598 0.0283964 0.0226444 0.0360491 0.0533612 0.0235925 0.0235925 0.0131176 0.0089317 0.0229992 0.0218439 0.0311511 0.0321547 0.0284125 0.0276619 0.0553992 0.0319997 0.0177666 0.0169030 0.0374564 0.0345863 0.0382313 0.0536508 0.0170512 0.0723841 0.0216198 0.0549733 0.0550529 0.0549733 0.0556441 0.0548552 0.0550937 0.0530955 0.0529403 0.0589472 0.0550724 0.0521701 0.0521701 0.0633329 0.0629189 0.0609442 0.0531850 0.0659158 0.0562595 0.0648918 0.0677728 0.0682943 0.0672973 0.0587180 0.0682014 0.0661693 0.0684071 0.0701391 0.0675484 0.0753537 0.0759797 0.0682459 0.0702615 0.0625974 0.0719926 0.0602866 0.0574925 0.0618615 0.0780487 0.0779253 0.0730385 0.0820051 0.0812035 0.0961374 0.0490691 0.0471475 0.0491374 0.0485812 0.0143812 0.0216220 0.0059146 0.0167531 0.0277942 0.0407678 0.0438440 0.0468144 0.0434536 0.0492916 0.0480311 0.0409568 0.0323103 0.0243526 0.0267027 0.0467592 0.0470319 0.0429540 0.0866135 0.0766733 0.0624978 0.0685270 0.0604014 0.0707887 0.0697024 0.0629807 0.0600956 0.0685329 0.0633213 0.0754795 0.0796501 0.0710466 0.0527510 0.0604566 0.0691913 0.0000010 0.0061788 9.0000000 9.0000000 0.0250116 9.0000000 0.0484626 9.0000000 9.0000000 0.1717231 0.1419719 0.2658973 0.1936576 0.2193754 0.0995625 0.0425595 
Pellobunus               0.0217493 0.0260354 0.0248023 0.0082051 0.0021209 0.0233869 0.0226615 0.0082090 0.0156587 0.0151865 0.0165745 0.0160743 0.0151243 0.0188920 0.0122653 0.0103886 0.0105383 0.0173589 0.0053561 0.0000000 0.0248155 0.0226827 0.0227626 0.0217948 0.0222420 0.0276773 0.0165096 0.0199812 0.0199766 0.0219259 0.0260615 0.0158944 0.0195276 0.0215777 0.0257462 0.0292770 0.0284150 0.0241851 0.0236694 0.0221281 0.0245900 0.0331425 0.0289584 0.0241147 0.0266587 0.0321882 0.0295940 0.0243288 0.0359872 0.0487282 0.0282756 0.0270809 0.0144147 0.0090494 0.0254247 0.0265823 0.0303407 0.0351062 0.0313783 0.0319574 0.0554452 0.0361630 0.0225664 0.0223949 0.0367910 0.0319023 0.0354072 0.0472328 0.0179146 0.0625700 0.0219314 0.0484472 0.0485838 0.0484472 0.0490878 0.0484070 0.0486120 0.0466468 0.0465045 0.0522485 0.0485329 0.0458822 0.0458189 0.0564233 0.0559724 0.0541517 0.0467895 0.0547483 0.0497102 0.0534575 0.0564903 0.0569732 0.0560861 0.0475730 0.0590397 0.0570821 0.0592128 0.0607994 0.0605474 0.0678791 0.0685350 0.0611723 0.0630275 0.0557168 0.0646651 0.0535065 0.0508306 0.0550674 0.0704405 0.0700846 0.0633800 0.0742467 0.0712197 0.0878731 0.0429455 0.0411145 0.0430034 0.0387241 0.0169827 0.0283335 0.0058751 0.0159471 0.0329632 0.0349491 0.0395787 0.0409594 0.0376948 0.0432998 0.0420363 0.0353555 0.0270204 0.0264235 0.0223548 0.0559934 0.0515618 0.0507295 0.0872835 0.0672923 0.0572164 0.0675719 0.0523493 0.0697115 0.0687293 0.0620705 0.0592224 0.0675834 0.0624081 0.0743479 0.0785923 0.1116501 0.0844160 0.0831928 0.0686401 0.0217150 0.0085650 0.0887223 0.0796706 0.0257958 0.1132477 0.0547563 0.1317768 0.2843851 0.1509706 0.1481623 0.2486712 0.1947997 0.2249815 0.1414755 0.0706258 
Glysterus                0.0275061 0.0251759 0.0273280 0.0081865 0.0021090 0.0280290 0.0229928 0.0081905 0.0179984 0.0175232 0.0199757 0.0194629 0.0184631 0.0229622 0.0202303 0.0180230 0.0177079 0.0231042 0.0220176 0.0248155 0.0000000 0.0034320 0.0044044 0.0034503 0.0056530 0.0074811 0.0194591 0.0228344 0.0233615 0.0170884 0.0088665 0.0188555 0.0245920 0.0268755 0.0186762 0.0276836 0.0269769 0.0224204 0.0219136 0.0206854 0.0243522 0.0279007 0.0247246 0.0216871 0.0242134 0.0289875 0.0309379 0.0249931 0.0375426 0.0499763 0.0338522 0.0321662 0.0199046 0.0179508 0.0249517 0.0271799 0.0326781 0.0315335 0.0278855 0.0262568 0.0478794 0.0280325 0.0031182 0.0264336 0.0348732 0.0308694 0.0417385 0.0444707 0.0222180 0.0609798 0.0269566 0.0550043 0.0551611 0.0550043 0.0558574 0.0569513 0.0571968 0.0531574 0.0530047 0.0589166 0.0532455 0.0529260 0.0528514 0.0509868 0.0504357 0.0510706 0.0551803 0.0618586 0.0453483 0.0558306 0.0550163 0.0640068 0.0649619 0.0577447 0.0648604 0.0628851 0.0650513 0.0627159 0.0603765 0.0676124 0.0682587 0.0609914 0.0628219 0.0583819 0.0613924 0.0542628 0.0534348 0.0597389 0.0701445 0.0659980 0.0663203 0.0750844 0.0797233 0.0829869 0.0468561 0.0449680 0.0469205 0.0636135 0.0201217 0.0271581 0.0159832 0.0234319 0.0316001 0.0326945 0.0386680 0.0349256 0.0369364 0.0443071 0.0430586 0.0415636 0.0328781 0.0232815 0.0353584 0.0453566 0.0515031 0.0527984 0.1005956 0.0648079 0.0549761 0.0648613 0.0544266 0.0621143 0.0601876 0.0501647 0.0517161 0.0662221 0.0558816 0.0709461 0.0773719 0.1163259 0.0852212 0.0911962 0.0647794 0.0281448 0.0106779 0.1109357 0.0994775 0.0235533 0.1401484 0.0589643 0.1174466 0.3654965 0.1694838 0.1493870 0.2527570 0.1995863 0.2223147 0.1456726 0.0757159 
Heterocranaus            0.0244711 0.0207241 0.0257552 0.0081505 0.0021090 0.0258064 0.0203854 0.0081544 0.0159935 0.0155244 0.0179402 0.0174370 0.0170245 0.0208397 0.0181690 0.0155823 0.0140614 0.0204844 0.0194637 0.0226827 0.0034320 0.0000000 0.0034981 0.0025694 0.0047494 0.0047806 0.0167828 0.0202514 0.0207687 0.0170886 0.0107211 0.0168011 0.0224415 0.0246339 0.0166438 0.0271941 0.0238943 0.0203078 0.0198088 0.0171633 0.0228482 0.0290086 0.0236570 0.0216391 0.0251756 0.0257756 0.0286896 0.0228446 0.0345182 0.0451405 0.0322758 0.0305808 0.0178294 0.0149241 0.0266337 0.0267344 0.0310947 0.0293792 0.0257937 0.0252194 0.0430956 0.0259288 0.0022110 0.0242306 0.0334721 0.0295386 0.0386521 0.0372558 0.0198811 0.0663714 0.0235807 0.0474321 0.0475640 0.0474321 0.0481525 0.0492878 0.0494951 0.0456619 0.0455230 0.0511726 0.0457363 0.0454471 0.0453846 0.0471187 0.0429310 0.0471954 0.0475811 0.0539322 0.0364556 0.0479294 0.0474426 0.0559240 0.0569377 0.0495468 0.0568404 0.0549285 0.0570035 0.0548103 0.0525909 0.0594431 0.0599992 0.0531265 0.0549014 0.0505351 0.0533376 0.0466008 0.0459038 0.0518954 0.0618375 0.0574809 0.0579774 0.0644198 0.0687516 0.0718087 0.0396910 0.0378890 0.0397442 0.0518539 0.0179199 0.0266799 0.0133467 0.0205523 0.0304653 0.0361611 0.0422128 0.0385019 0.0335529 0.0407631 0.0395090 0.0345912 0.0262863 0.0204034 0.0321881 0.0480693 0.0483814 0.0510013 0.0911661 0.0631008 0.0491524 0.0584150 0.0480337 0.0599773 0.0539099 0.0463987 0.0457437 0.0597855 0.0480019 0.0603439 0.0704798 0.1109712 0.0818585 0.0877155 0.0626291 0.0281448 0.0113669 0.1109357 0.0994775 0.0234994 0.1401484 0.0530262 0.1174466 0.3654965 0.1610530 0.1485513 0.2483753 0.1960120 0.2226046 0.1398948 0.0772317 
Goniosoma                0.0243999 0.0207593 0.0259155 0.0075213 0.0023229 0.0259651 0.0203140 0.0075252 0.0159146 0.0154344 0.0184239 0.0179063 0.0169687 0.0208753 0.0186645 0.0148010 0.0150404 0.0204152 0.0187525 0.0227626 0.0044044 0.0034981 0.0000000 0.0008693 0.0039668 0.0062343 0.0160696 0.0202254 0.0207541 0.0160446 0.0095787 0.0163974 0.0235587 0.0252923 0.0165787 0.0268512 0.0261058 0.0198185 0.0193088 0.0188127 0.0229326 0.0281113 0.0247980 0.0216937 0.0253158 0.0275775 0.0299975 0.0239696 0.0354379 0.0478727 0.0308907 0.0291519 0.0183199 0.0158172 0.0268117 0.0269156 0.0313847 0.0313220 0.0275913 0.0259251 0.0447269 0.0265644 0.0031807 0.0243506 0.0337186 0.0297540 0.0381737 0.0373781 0.0198949 0.0656939 0.0236517 0.0458011 0.0459280 0.0458011 0.0483038 0.0476409 0.0478405 0.0440437 0.0439079 0.0495114 0.0458811 0.0438326 0.0437726 0.0420127 0.0430671 0.0420806 0.0459446 0.0522346 0.0366612 0.0480788 0.0458114 0.0560900 0.0552247 0.0497036 0.0551285 0.0532289 0.0552861 0.0531201 0.0509240 0.0577011 0.0582389 0.0514433 0.0532081 0.0488500 0.0535012 0.0467496 0.0442782 0.0502131 0.0600682 0.0576504 0.0581439 0.0647204 0.0689309 0.0721271 0.0415209 0.0396955 0.0415769 0.0517134 0.0184281 0.0274639 0.0130836 0.0204781 0.0307720 0.0346273 0.0406628 0.0386262 0.0336652 0.0408938 0.0396379 0.0347047 0.0263766 0.0211591 0.0324922 0.0467081 0.0505193 0.0510888 0.0971817 0.0625800 0.0511080 0.0566298 0.0482770 0.0581943 0.0522828 0.0465456 0.0441741 0.0580043 0.0481513 0.0625009 0.0685787 0.1116104 0.0842213 0.0903249 0.0616339 0.0322263 0.0117662 0.1200718 0.1087812 0.0236028 0.1511435 0.0569900 0.1238251 0.3830839 0.1610701 0.1498163 0.2550209 0.2037749 0.2315751 0.1411873 0.0810178 
