199
Zalmoxis                 0.0000000 0.0620955 0.1959089 0.1359506 0.1351236 0.1216602 0.1353833 0.1353740 0.1335445 0.1614750 0.0491512 0.1482622 0.1285031 0.1152040 0.0432797 0.1015836 0.1417019 0.0781350 0.1261179 0.0587422 0.0773846 0.0905983 0.1412538 0.1972997 0.1946457 0.3529641 0.1725189 0.3225028 0.1445605 0.1544632 0.3339225 0.3217316 0.3117462 0.1768693 0.3574614 0.3572463 0.3310624 0.3258265 0.7917362 0.3429883 0.2779388 0.7002872 0.3394247 0.1677394 0.4191262 0.1762757 0.3123525 0.3223779 0.1846742 0.3853528 0.4045429 0.3018701 0.3819262 0.3291124 0.3178214 0.3199590 0.3189099 0.3246406 0.2277443 0.1764565 0.3555867 0.2952756 0.1954758 0.3779130 0.4153776 0.4724139 0.4138347 0.2634273 0.2020052 0.4093657 0.3975606 0.3238207 0.4442587 0.3334852 0.3234526 0.4030516 0.4278847 0.4707384 0.3282330 0.5887217 0.2756719 0.3264793 0.4337299 0.1858168 0.1869761 0.2564552 0.4185954 0.3712671 0.3991897 0.3886023 0.3499542 0.3576331 0.3880967 0.4354599 0.3242961 0.2728311 0.2727498 0.3739938 0.0378309 0.1338479 0.0155943 0.1586062 0.0181222 0.0470176 0.0407132 0.0116716 0.0830651 0.1254817 0.0720210 0.0625362 0.0152115 0.1037621 0.0718930 0.0896677 0.0601855 0.0675675 0.0653712 0.0693291 0.0533830 0.0144704 0.0149323 0.0271370 0.0855769 0.0922398 0.0284825 0.0160553 0.1801375 0.0211694 0.0342206 0.0342572 0.1132538 0.1027053 0.1069687 0.1092347 0.0340238 0.1268913 0.1251106 0.1078595 0.1016525 0.0239347 0.1057036 0.1505087 0.1520974 0.1329445 0.1372202 0.0558805 0.0326961 0.0324675 0.1216968 0.0168120 0.0363626 0.1677561 0.0352495 0.0404207 0.1908810 0.1554071 0.2319768 0.2241935 0.1727167 0.1852471 0.1428091 0.1578934 0.1598420 0.1697385 0.2376026 0.3747280 0.0066739 0.2672803 0.0611472 0.2478722 0.0145208 0.4226182 0.0690536 0.0264658 0.3019054 0.3513485 0.0157352 0.3062310 0.1678903 0.2568532 0.2618592 0.2716959 0.2722063 0.2589961 0.2693985 0.2792629 0.3599148 0.1700584 0.0747521 0.2166935 0.0429441 0.0981389 0.0664465 0.2075474 0.0206655 0.1125109 0.0493782 0.0060921 0.2600176 
Dongmoa                  0.0620955 0.0000000 0.1105702 0.0615803 0.0649482 0.0606930 0.0581572 0.0666771 0.0584764 0.0290325 0.0272006 0.0671010 0.1365594 0.0445813 0.0450884 0.0614992 0.0717850 0.0945400 0.0558903 0.0706765 0.0874481 0.1046680 0.0743271 0.0918202 0.0769859 0.1705534 0.1958601 0.2021871 0.0720701 0.0693027 0.1658262 0.1463588 0.1744552 0.1797426 0.1761686 0.1976094 0.1835681 0.2091322 0.6329980 0.1959990 0.2653612 0.5712320 0.1868199 0.1689901 0.2481028 0.1805915 0.1782479 0.1915676 0.1810147 0.2503296 0.2710997 0.2610652 0.3252612 0.1811192 0.2978403 0.1906751 0.1789599 0.1892605 0.2232291 0.1828152 0.2391532 0.3584677 0.2394456 0.2029404 0.4297556 0.3245743 0.2202733 0.2834702 0.2377576 0.2408333 0.2476449 0.3561466 0.2731289 0.3461329 0.3072981 0.3843305 0.2213626 0.2163724 0.3617506 0.6214859 0.3469911 0.3966165 0.2566736 0.2167133 0.1902236 0.3075866 0.2401103 0.1979091 0.2746286 0.2624652 0.2130949 0.2243274 0.2568797 0.4913517 0.3453982 0.3175308 0.3309902 0.2354984 0.0480427 0.0461003 0.0163919 0.0490340 0.0298942 0.0659598 0.0506703 0.0162934 0.0377198 0.0421299 0.0377220 0.0380759 0.0362945 0.0351760 0.0264709 0.0408009 0.0222729 0.0217299 0.0197727 0.0190064 0.0387247 0.0392985 0.0399900 0.0392146 0.0192211 0.0427393 0.0494291 0.0268536 0.0323494 0.0303635 0.0442403 0.0434828 0.0437476 0.0419054 0.0394714 0.0416339 0.0408727 0.0156787 0.0474819 0.0458987 0.0402403 0.0400536 0.0430578 0.0554086 0.0468444 0.0481917 0.0490628 0.0758488 0.0438969 0.0442240 0.0461876 0.0209728 0.0449770 0.0650719 0.0436097 0.0497773 0.0845840 0.0519502 0.0751663 0.0943626 0.0542312 0.0818786 0.0320929 0.0288169 0.0276158 0.0301248 0.0860846 0.0801709 0.0153099 0.0807702 0.0837757 0.0550417 0.0265977 0.0684401 0.0871284 0.0437649 0.0703746 0.0417531 0.0229776 0.0684158 0.0309678 0.0900061 0.0906054 0.1049314 0.0944024 0.0893375 0.0806687 0.0857505 0.1043821 0.0447044 0.0837921 0.0466530 0.0479359 0.1039790 0.0801820 0.0359874 0.0524047 0.0517782 0.0268710 0.0239666 0.2778172 
Tithaeus                 0.1959089 0.1105702 0.0000000 0.1778375 0.1741351 0.1652534 0.1720245 0.1544523 0.1595679 0.1725814 0.0931694 0.1867191 0.1793763 0.1632264 0.0975018 0.1812164 0.2064148 0.1507033 0.2041122 0.1015469 0.1603223 0.1552519 0.2012966 0.2517869 0.2418058 0.2983704 0.1997810 0.2852953 0.1884611 0.1880655 0.1392779 0.1347848 0.0985945 0.1876067 0.2962056 0.3009811 0.2849892 0.3082253 0.6116052 0.3320848 0.2559954 0.5130789 0.2816341 0.1714523 0.3484498 0.1729883 0.2810657 0.2827676 0.1898238 0.3427201 0.2535135 0.2197476 0.2606339 0.3015805 0.2767434 0.3053547 0.3015968 0.3060099 0.2223120 0.2073283 0.2925879 0.2943808 0.2455268 0.2933868 0.3802510 0.4108848 0.3886038 0.2713871 0.2285113 0.3598280 0.3445927 0.2890180 0.3823497 0.2880194 0.3105024 0.3945467 0.4224452 0.4592368 0.3035540 0.5643067 0.3336905 0.3727595 0.4377825 0.2200857 0.2427681 0.3007796 0.4068000 0.3816164 0.3852993 0.4428070 0.3544921 0.3535735 0.3549777 0.3854581 0.3482563 0.3281738 0.3229281 0.3714248 0.0808256 0.1632015 0.0413801 0.1947398 0.0725708 0.0906976 0.1109537 0.0375302 0.1719292 0.1956115 0.1649469 0.1922587 0.0802021 0.2195858 0.1626822 0.1800325 0.1439050 0.1277931 0.1278603 0.1341108 0.1841840 0.0777839 0.0793773 0.0812234 0.1729607 0.1636816 0.0938638 0.0548952 0.1477146 0.0642594 0.0865380 0.0756345 0.1709801 0.1462482 0.1576692 0.1746594 0.0801663 0.1712046 0.1727922 0.1538275 0.1497981 0.0757308 0.1529616 0.2151655 0.2116105 0.2097028 0.1857663 0.1050347 0.0821895 0.0812699 0.1505753 0.0456252 0.0909557 0.2352737 0.0740854 0.0850949 0.2519416 0.2140349 0.2667795 0.0680406 0.0665325 0.0655365 0.1604452 0.2034196 0.2287628 0.1776218 0.2324037 0.2572737 0.0196458 0.2860757 0.0912820 0.2119072 0.0488049 0.3359522 0.0952558 0.0671749 0.2706654 0.2909157 0.0398553 0.2950076 0.1672623 0.0506365 0.0679257 0.0598246 0.1027756 0.1072882 0.1128593 0.1551230 0.2004713 0.2125574 0.1072096 0.2931175 0.0964642 0.1633688 0.1205552 0.2087788 0.1178577 0.2991613 0.1109855 0.0731760 0.2607373 
Martensiellus            0.1359506 0.0615803 0.1778375 0.0000000 0.0638947 0.0649928 0.1146787 0.1086367 0.1157686 0.1282064 0.0460700 0.1369919 0.1512375 0.1130388 0.0496017 0.1214930 0.1394517 0.0887736 0.1263954 0.0682647 0.0840111 0.1006057 0.1528723 0.2038080 0.1789445 0.3057016 0.1791722 0.2773986 0.0673289 0.0772688 0.2779399 0.2830707 0.2628985 0.1610889 0.2654221 0.2959845 0.2933292 0.3350772 0.6600349 0.3135508 0.2347432 0.5205489 0.2693700 0.1465904 0.3247951 0.1558837 0.2614522 0.2716840 0.1703682 0.3268476 0.2824335 0.2238266 0.3089877 0.3265749 0.2719209 0.2975368 0.3024613 0.3001574 0.2359432 0.1862477 0.3200637 0.2667735 0.1973322 0.2945979 0.4062087 0.4433134 0.3988464 0.2489168 0.2014361 0.3547082 0.4131022 0.2779141 0.4216250 0.2919062 0.2888093 0.3465627 0.3970802 0.4320278 0.2739303 0.5312195 0.2683095 0.2996872 0.3958287 0.1997629 0.1861894 0.2424415 0.4009500 0.3429559 0.3614606 0.3591051 0.3172367 0.3434213 0.3490488 0.4154417 0.3158214 0.2834889 0.2742265 0.3530773 0.0438788 0.1138598 0.0176234 0.1380354 0.0236182 0.0532734 0.0455836 0.0155447 0.1062662 0.1709258 0.1034408 0.1127973 0.0311020 0.1547988 0.0961785 0.1113555 0.0870807 0.0979318 0.0946186 0.0947913 0.1236555 0.0365312 0.0355927 0.0369122 0.1071497 0.1189707 0.0404054 0.0233114 0.1288033 0.0267081 0.0376038 0.0406987 0.1043209 0.0936704 0.1012789 0.0999191 0.0419868 0.1279333 0.1037154 0.0957708 0.0880602 0.0323163 0.0957179 0.1355455 0.1576904 0.1369806 0.1347999 0.0669814 0.0412535 0.0404043 0.1238249 0.0213795 0.0415285 0.1472065 0.0428386 0.0468457 0.2026239 0.1563345 0.2416292 0.1853190 0.1400721 0.1651258 0.1390980 0.1739130 0.1882161 0.1455982 0.2418769 0.2874551 0.0108343 0.2463595 0.0700142 0.2025516 0.0206697 0.3586110 0.0803091 0.0338776 0.2510386 0.3354152 0.0107923 0.2941173 0.1620117 0.2136467 0.1953460 0.2147041 0.2074425 0.2067536 0.2112673 0.2479670 0.3215134 0.2352832 0.0747561 0.2199532 0.0457642 0.1000867 0.0780324 0.1922385 0.0461494 0.1982150 0.0637101 0.0206634 0.1889719 
Palaeoncopus             0.1351236 0.0649482 0.1741351 0.0638947 0.0000000 0.0574840 0.1190056 0.1073693 0.1110127 0.1314615 0.0438761 0.1348836 0.1424818 0.1118746 0.0497237 0.1264027 0.1350710 0.0853253 0.1215705 0.0722433 0.0874288 0.1062164 0.1376431 0.2131312 0.1855874 0.2991352 0.1984533 0.2752090 0.0569911 0.0650254 0.2567009 0.2724378 0.2419972 0.1467255 0.2739527 0.2864297 0.2747680 0.3221334 0.5155997 0.2909241 0.2348014 0.4304544 0.2439050 0.1387380 0.3196005 0.1488760 0.2442433 0.2525444 0.1626218 0.2877887 0.2828052 0.2415232 0.3095930 0.2948319 0.2641412 0.2793223 0.2847998 0.2831980 0.2224283 0.1794566 0.3065130 0.3015569 0.2136868 0.2997267 0.4138913 0.4466496 0.3508174 0.2258281 0.1898100 0.3425348 0.3779403 0.2819107 0.4287464 0.2926957 0.2835193 0.3622146 0.3886483 0.4013226 0.2689305 0.5141642 0.2281042 0.3474126 0.3663809 0.1953480 0.1756600 0.2037038 0.3875011 0.3358638 0.3961513 0.3808704 0.3282540 0.3656307 0.3741308 0.4905816 0.3200343 0.2532945 0.2420747 0.3387612 0.0432838 0.0980670 0.0155336 0.1410275 0.0217856 0.0587674 0.0459646 0.0141776 0.1025740 0.1494584 0.0989735 0.1093305 0.0286535 0.1430488 0.0868895 0.1145773 0.0862673 0.0979179 0.1009049 0.0962283 0.1089719 0.0335261 0.0340799 0.0338457 0.1044431 0.1157293 0.0434138 0.0225706 0.1224389 0.0252876 0.0397928 0.0396082 0.1043009 0.0980097 0.0933662 0.1015442 0.0390759 0.1394663 0.1006165 0.1011830 0.0876496 0.0355404 0.0914658 0.1349104 0.1491223 0.1436359 0.1425801 0.0635430 0.0409672 0.0397616 0.1194426 0.0207096 0.0425321 0.1556746 0.0400388 0.0471102 0.2159803 0.1662577 0.2302685 0.1910312 0.1458630 0.1726967 0.1341872 0.1457782 0.1690222 0.1264665 0.2056250 0.2585721 0.0122338 0.2581193 0.0671324 0.1873094 0.0215808 0.3522804 0.0805205 0.0342189 0.2510594 0.2879987 0.0139975 0.2945153 0.1488138 0.2092534 0.1983801 0.2206545 0.2183181 0.2200832 0.2160249 0.2625846 0.3058203 0.2084099 0.0729404 0.2180698 0.0449605 0.1016330 0.0781388 0.1722382 0.0411823 0.2026739 0.0641383 0.0200970 0.3266677 
Sandokan                 0.1216602 0.0606930 0.1652534 0.0649928 0.0574840 0.0000000 0.1143030 0.0963158 0.1144788 0.1290789 0.0421026 0.1344311 0.1235970 0.1131986 0.0454336 0.1108494 0.1356362 0.0774080 0.1219924 0.0657459 0.0849461 0.0959444 0.1501962 0.1759727 0.1848794 0.2825899 0.1782203 0.2725972 0.0584105 0.0646617 0.2550273 0.2667958 0.2397840 0.1652240 0.2946552 0.2950151 0.2806139 0.3035820 0.5252572 0.2783352 0.2402016 0.4723007 0.2508922 0.1376191 0.3438583 0.1497513 0.2403209 0.2522756 0.1538730 0.3078612 0.2868131 0.2240674 0.2870302 0.2941503 0.2567527 0.2890491 0.2928403 0.2951820 0.2188302 0.1739159 0.2855835 0.3074642 0.2076834 0.3114349 0.3249985 0.4317483 0.3546373 0.2118467 0.1779361 0.3490076 0.3655035 0.2825517 0.4477230 0.2870636 0.2545546 0.3572589 0.3992129 0.4032681 0.2662813 0.5421970 0.2539353 0.3621292 0.3831732 0.1707012 0.1589781 0.2173274 0.3830613 0.3512584 0.3744777 0.3622510 0.3143620 0.3139505 0.3516353 0.4081989 0.3032336 0.2674428 0.2537655 0.3182913 0.0451139 0.1096884 0.0148357 0.1428891 0.0234032 0.0614646 0.0434015 0.0134918 0.0995485 0.1491969 0.0984973 0.1028654 0.0305609 0.1416944 0.1035819 0.1202269 0.0819789 0.0898510 0.0912366 0.0888472 0.1105862 0.0338665 0.0344270 0.0372658 0.1133183 0.1267422 0.0414680 0.0226055 0.1341196 0.0279129 0.0418083 0.0402177 0.1016050 0.1023601 0.1005377 0.1040168 0.0390188 0.1210637 0.1107642 0.1018840 0.0890874 0.0343428 0.0988561 0.1348863 0.1611691 0.1404132 0.1356709 0.0668006 0.0423197 0.0405344 0.1027828 0.0198047 0.0398684 0.1515182 0.0413654 0.0499129 0.1932863 0.1582618 0.2385916 0.1799951 0.1301854 0.1581091 0.1242771 0.1381948 0.1547499 0.1326109 0.2062809 0.2833154 0.0079799 0.2543577 0.0596573 0.1901117 0.0187742 0.3747190 0.0746774 0.0281181 0.2587620 0.3069434 0.0090987 0.3048255 0.1540348 0.2023695 0.1849257 0.2036594 0.2111859 0.1976516 0.2033795 0.2403099 0.2767203 0.2138456 0.0796426 0.2278228 0.0459247 0.1005154 0.0775432 0.1886119 0.0435150 0.1724280 0.0648786 0.0211923 0.3846961 
Glysterus                0.1353833 0.0581572 0.1720245 0.1146787 0.1190056 0.1143030 0.0000000 0.0794093 0.0651393 0.1171675 0.0386259 0.1325094 0.1247606 0.1071662 0.0439306 0.1217130 0.1360902 0.0713482 0.1228746 0.0674265 0.0772028 0.0931657 0.1249176 0.2009281 0.1748050 0.2832712 0.1653142 0.2604515 0.1194327 0.1228245 0.2766577 0.2400646 0.2469419 0.1475937 0.2560050 0.3051647 0.2822623 0.3059315 0.5827528 0.2951419 0.2471303 0.5290843 0.2670035 0.1455748 0.3357507 0.1502351 0.2594456 0.2683053 0.1380790 0.3339719 0.2931177 0.2136066 0.2659707 0.2818185 0.2107788 0.2583011 0.2688920 0.2676046 0.1928947 0.1606033 0.2780637 0.2785513 0.2022758 0.3037760 0.3516834 0.4332920 0.3887329 0.2466156 0.2001243 0.3755106 0.3915611 0.2808586 0.4364386 0.2924659 0.2746912 0.3726246 0.4021091 0.4396118 0.2821900 0.6057824 0.2989973 0.3563305 0.3978796 0.1800535 0.1740764 0.2528567 0.4013681 0.3208695 0.3806120 0.4001821 0.3319631 0.3469581 0.3559032 0.3976418 0.3217783 0.2923699 0.2869109 0.3306423 0.0382404 0.0928018 0.0161668 0.1291018 0.0255269 0.0470815 0.0449417 0.0178761 0.1050221 0.1341322 0.0907545 0.1024135 0.0307556 0.1291877 0.0877308 0.1164570 0.0827435 0.0846002 0.0930037 0.0902976 0.1152432 0.0336927 0.0345397 0.0348278 0.1014963 0.1153700 0.0414035 0.0194163 0.1436009 0.0262266 0.0355895 0.0355028 0.0549382 0.0584807 0.0473487 0.0567347 0.0175554 0.1086774 0.1042075 0.0938042 0.0829449 0.0330823 0.0829501 0.1410073 0.1368065 0.1213693 0.1221229 0.0599848 0.0393463 0.0385380 0.1064965 0.0194707 0.0398791 0.1453860 0.0289122 0.0489661 0.1927167 0.1354239 0.2046127 0.1730178 0.1277317 0.1463849 0.1305502 0.1455738 0.1492692 0.1403627 0.2325783 0.2856940 0.0080083 0.2667759 0.0668537 0.1843764 0.0242073 0.3591747 0.0654242 0.0339413 0.2852340 0.2953195 0.0207056 0.2779843 0.1537343 0.2078587 0.1867869 0.2013098 0.2087382 0.1915040 0.1918604 0.2274456 0.3103932 0.2273918 0.0723355 0.2105493 0.0246395 0.1061459 0.0680183 0.1999959 0.0413214 0.1811956 0.0527555 0.0171879 0.2076794 
Cynortula                0.1353740 0.0666771 0.1544523 0.1086367 0.1073693 0.0963158 0.0794093 0.0000000 0.0659578 0.1229377 0.0415106 0.1201610 0.1275016 0.1048434 0.0465709 0.1159306 0.1326132 0.0714963 0.1217638 0.0694730 0.0810151 0.0943728 0.1419843 0.2036337 0.1762546 0.2880727 0.1584053 0.2494243 0.1103477 0.1133744 0.2434538 0.2343120 0.2168661 0.1508220 0.2611102 0.2637554 0.2664664 0.2629352 0.4869318 0.2703319 0.2264337 0.4149527 0.2320035 0.1328800 0.3173813 0.1404270 0.2385662 0.2435212 0.1500898 0.2903549 0.2598990 0.2184868 0.2700068 0.2857297 0.2600341 0.2547289 0.2710842 0.2726223 0.2102061 0.1684318 0.2834902 0.2748161 0.1933387 0.2815455 0.3706919 0.4044123 0.3757279 0.2136406 0.1689251 0.3443413 0.3499710 0.2187888 0.3983132 0.2349411 0.2497797 0.3613734 0.3642698 0.4203048 0.2874982 0.5178248 0.2542466 0.3308866 0.3853271 0.1679498 0.1909880 0.2283927 0.3808856 0.3495037 0.3376274 0.3965518 0.2963216 0.3087584 0.3439885 0.3717871 0.2800961 0.2847961 0.2569553 0.3002505 0.0410243 0.0994364 0.0222443 0.1274900 0.0313125 0.0496684 0.0470103 0.0239639 0.1112065 0.1383773 0.1033678 0.1106685 0.0357566 0.1294814 0.1016467 0.1177472 0.0866062 0.0948620 0.0866249 0.0950320 0.1037942 0.0349648 0.0348977 0.0403480 0.1075820 0.1153159 0.0463365 0.0222941 0.1375252 0.0328493 0.0414591 0.0393125 0.0829122 0.0710184 0.0664810 0.0785599 0.0215448 0.1235057 0.1078591 0.0933043 0.0907557 0.0353889 0.0838337 0.1401195 0.1388092 0.1299993 0.1279514 0.0769201 0.0425192 0.0406224 0.1038350 0.0216045 0.0437270 0.1474953 0.0336809 0.0612135 0.1817749 0.1423840 0.2145411 0.1652131 0.1305343 0.1451052 0.1365482 0.1463641 0.1866487 0.1453023 0.1997418 0.2651690 0.0151703 0.2448384 0.0690926 0.1822719 0.0271153 0.3377657 0.0677125 0.0368706 0.2367121 0.2973562 0.0316904 0.2823385 0.1561948 0.1647842 0.1571068 0.1780016 0.1861245 0.1859009 0.1944530 0.1987068 0.2672068 0.2374517 0.0790029 0.2388099 0.0347382 0.1080969 0.0749707 0.1781877 0.0418972 0.1546524 0.0590781 0.0198415 0.2583848 
Zygopachylus             0.1335445 0.0584764 0.1595679 0.1157686 0.1110127 0.1144788 0.0651393 0.0659578 0.0000000 0.1247833 0.0396760 0.1349037 0.1241033 0.0945001 0.0402592 0.1221013 0.1355108 0.0712705 0.1199236 0.0628225 0.0755424 0.0899526 0.1296473 0.2066479 0.1704587 0.3054912 0.1473441 0.2529613 0.1141735 0.1153953 0.2669944 0.2452243 0.2432747 0.1480199 0.2660813 0.2852847 0.2827634 0.3050349 0.5880748 0.3040605 0.2382680 0.4447928 0.2588762 0.1356808 0.3233463 0.1393215 0.2545182 0.2591741 0.1412551 0.2834060 0.2808109 0.2207778 0.2874580 0.2844488 0.2617599 0.2657467 0.2635650 0.2726776 0.2172968 0.1511159 0.2891573 0.2640108 0.1767218 0.2701070 0.3390263 0.4114433 0.3757303 0.2382292 0.1967726 0.3619475 0.3677500 0.2777435 0.4054419 0.2823154 0.2708586 0.3867197 0.3997350 0.4479366 0.2729504 0.5649597 0.2638829 0.3736709 0.3893522 0.1904097 0.1768857 0.2435734 0.3896293 0.3501110 0.3373787 0.3724282 0.3201231 0.3247726 0.3673470 0.4431698 0.3429514 0.2682794 0.2510529 0.3379432 0.0354370 0.0955490 0.0168266 0.1286878 0.0252497 0.0490986 0.0416349 0.0185574 0.1079462 0.1386044 0.1040030 0.1175541 0.0302774 0.1274481 0.0935200 0.1218386 0.0821455 0.0960137 0.0908732 0.0901974 0.1189363 0.0332007 0.0336828 0.0339671 0.1060904 0.1168330 0.0405253 0.0188484 0.1442264 0.0261768 0.0362288 0.0331488 0.0671545 0.0622047 0.0613451 0.0713125 0.0167349 0.1171647 0.1065919 0.0887488 0.0898499 0.0312158 0.0883432 0.1397630 0.1434723 0.1238494 0.1212373 0.0637669 0.0377641 0.0368995 0.1088437 0.0189081 0.0386382 0.1602518 0.0321821 0.0513733 0.1884281 0.1534415 0.2032544 0.1659031 0.1194314 0.1585181 0.1439097 0.1499284 0.1823820 0.1394668 0.2388724 0.2773355 0.0107927 0.2789691 0.0680656 0.1929137 0.0228125 0.3579226 0.0619468 0.0317306 0.2655325 0.2878696 0.0241863 0.2916243 0.1565521 0.1865010 0.1804391 0.1909402 0.2186348 0.2139593 0.2144040 0.2168899 0.3226910 0.2384787 0.0707036 0.2541047 0.0267228 0.1032876 0.0710442 0.1871346 0.0372845 0.1810630 0.0465333 0.0148517 0.2661161 
Santobius_DNA104931      0.1614750 0.0290325 0.1725814 0.1282064 0.1314615 0.1290789 0.1171675 0.1229377 0.1247833 0.0000000 0.0025401 0.1441008 0.1081051 0.1048235 0.0463613 0.1193878 0.1516803 0.0594863 0.1576549 0.0610634 0.0651561 0.0741016 0.1551800 0.2632318 0.1840048 0.3450789 0.1284330 0.3218430 0.1381611 0.1351769 0.3115050 0.2953230 0.2997636 0.1310639 0.3077987 0.3591964 0.3305083 0.3390375 0.6241860 0.3478217 0.2071468 0.5036831 0.3170580 0.1237846 0.3862095 0.1388991 0.2951312 0.2931980 0.1256984 0.4002517 0.3927561 0.2555945 0.2957483 0.3487967 0.2686995 0.3228322 0.3423277 0.3460646 0.2079532 0.1344396 0.3550641 0.3304776 0.1908957 0.2883645 0.3873624 0.4876962 0.3454613 0.1951003 0.1777583 0.3379951 0.4035263 0.3100238 0.4828618 0.3190367 0.3140966 0.3845799 0.4630663 0.4680205 0.3109907 0.5771232 0.2759971 0.3932941 0.4042400 0.1553597 0.1448839 0.2329686 0.4222053 0.3937002 0.4241548 0.4261824 0.3826754 0.3799519 0.4070540 0.5094326 0.3352926 0.2887478 0.2808838 0.3428462 0.0211888 0.1208817 0.0165874 0.1172043 0.0270586 0.0175224 0.0317663 0.0197245 0.0996570 0.1437358 0.0989387 0.1078056 0.0194108 0.1468635 0.1079320 0.1118060 0.0805883 0.0928272 0.0787317 0.1026761 0.1097365 0.0204365 0.0208354 0.0219958 0.1303046 0.1148692 0.0256255 0.0206507 0.2013535 0.0278893 0.0264393 0.0250050 0.1036216 0.0915039 0.1020354 0.0989502 0.0225330 0.0472109 0.1379501 0.1115223 0.1046987 0.0231910 0.1003262 0.1446000 0.1317973 0.1176467 0.1274527 0.0401446 0.0251195 0.0251117 0.1022429 0.0195168 0.0192760 0.1300719 0.0335758 0.0490481 0.1906073 0.1273812 0.2296831 0.1879554 0.1605065 0.1754723 0.1799566 0.2161797 0.1958468 0.2022297 0.2896466 0.4396167 0.0107585 0.2827170 0.0376212 0.2495212 0.0232851 0.4769482 0.0387530 0.0366055 0.3256095 0.2723461 0.0208102 0.2758007 0.2102451 0.1984840 0.2210895 0.2139132 0.2671368 0.2676329 0.2833602 0.2723619 0.4170770 0.2638395 0.0554042 0.2219518 0.0298064 0.1081231 0.0561102 0.2334493 0.0195428 0.1997421 0.0108602 0.0174658 9.0000000 
Santobius_DNA104930      0.0491512 0.0272006 0.0931694 0.0460700 0.0438761 0.0421026 0.0386259 0.0415106 0.0396760 0.0025401 0.0000000 0.0437503 0.0958648 0.0422007 0.0440004 0.0418092 0.0553301 0.0520111 0.0511185 0.0540162 0.0618486 0.0712394 0.0469263 0.0790719 0.0716488 0.1053865 0.1008663 0.1117752 0.0449775 0.0456027 0.1263483 0.1075923 0.1182212 0.1151821 0.0962536 0.1196888 0.1134550 0.1156422 0.6963482 0.1342546 0.1797323 0.5652336 0.1139737 0.1126600 0.2065736 0.1274000 0.1143879 0.1158096 0.1111639 0.1860131 0.1730008 0.2017741 0.2414533 0.1159963 0.2295046 0.1139713 0.1107246 0.1149846 0.2010127 0.1253095 0.1443415 0.2850737 0.1750380 0.1026869 0.3542492 0.3027675 0.1374511 0.1567916 0.1409995 0.1362993 0.1671878 0.2434290 0.1154348 0.2388422 0.2788031 0.3812116 0.1752492 0.1757652 0.2561061 0.5793265 0.2440941 0.3181239 0.1440251 0.1309528 0.1289020 0.1854311 0.1717773 0.1217730 0.2723702 0.2499935 0.1876220 0.1766600 0.2448953 0.4817697 0.2678728 0.2540749 0.2424433 0.1547441 0.0216326 0.0210508 0.0166482 0.0297986 0.0274278 0.0182927 0.0321737 0.0197967 0.0191649 0.0110844 0.0203145 0.0202184 0.0191570 0.0120186 0.0242352 0.0231212 0.0193885 0.0198775 0.0176546 0.0175515 0.0216453 0.0207483 0.0211593 0.0223184 0.0197120 0.0221606 0.0260329 0.0209665 0.0310762 0.0273335 0.0267723 0.0253074 0.0191376 0.0189862 0.0199707 0.0195451 0.0228570 0.0110536 0.0218096 0.0263511 0.0253493 0.0229138 0.0238368 0.0322257 0.0234697 0.0290913 0.0286661 0.0407014 0.0248664 0.0248586 0.0252778 0.0195168 0.0189845 0.0412441 0.0347178 0.0496686 0.0570324 0.0306617 0.0380768 0.0651380 0.0517867 0.0570850 0.0289096 0.0285225 0.0282777 0.0279264 0.0251481 0.0096181 0.0107585 0.0369463 0.0376212 0.0250945 0.0233442 0.0133081 0.0387530 0.0366055 0.0135523 0.0354195 0.0208102 0.0327874 0.0296749 0.0424880 0.0436003 0.0464731 0.0389977 0.0453824 0.0398222 0.0437443 0.0211490 0.0195249 0.0554619 0.0514056 0.0301581 0.1075566 0.0565779 0.0276106 0.0200152 0.0204337 0.0103961 0.0179419 9.0000000 
Hoplobunus               0.1482622 0.0671010 0.1867191 0.1369919 0.1348836 0.1344311 0.1325094 0.1201610 0.1349037 0.1441008 0.0437503 0.0000000 0.1430183 0.1299555 0.0477642 0.1358793 0.1376604 0.0861068 0.1277117 0.0671391 0.0854103 0.1042995 0.1450262 0.2617162 0.2176589 0.3088484 0.1685627 0.2729422 0.1461720 0.1413691 0.3059898 0.2872699 0.2752442 0.1512126 0.2948404 0.2746951 0.2670195 0.3116886 0.7633798 0.3177303 0.2810638 0.5995586 0.2830290 0.1492650 0.3287128 0.1574082 0.2376480 0.2532612 0.1765875 0.3089258 0.3477291 0.2372777 0.3167581 0.3015846 0.2941693 0.2755183 0.2877020 0.2952782 0.2526925 0.1958539 0.3026639 0.3167037 0.1919657 0.3049448 0.3623274 0.4336057 0.3896395 0.2393828 0.1929983 0.3700780 0.3732354 0.2992042 0.4402166 0.3118590 0.2900170 0.3745729 0.3905697 0.4139789 0.3051399 0.6234567 0.2790772 0.3793980 0.3996656 0.1692153 0.1818851 0.2409587 0.3686038 0.3524569 0.3888967 0.4179651 0.3279527 0.3661150 0.3626864 0.4301186 0.2755004 0.2638320 0.2671973 0.3444516 0.0362350 0.1323938 0.0149403 0.1389546 0.0191913 0.0529312 0.0410827 0.0105074 0.1134970 0.1564028 0.1113807 0.1228534 0.0274296 0.1327061 0.1020315 0.1393481 0.0991585 0.0993961 0.0932653 0.0915528 0.1093456 0.0286781 0.0291067 0.0368540 0.1254939 0.1163720 0.0416069 0.0152472 0.1428637 0.0137129 0.0386045 0.0351615 0.1098497 0.1029624 0.1072243 0.1189769 0.0364541 0.1423428 0.0878533 0.0808446 0.0782400 0.0309626 0.0815630 0.1692664 0.1536600 0.1378812 0.1398888 0.0665791 0.0377547 0.0378226 0.1247285 0.0172236 0.0424896 0.1714697 0.0140771 0.0448086 0.2211400 0.1581267 0.2623406 0.1871605 0.1420422 0.1553793 0.1367766 0.1448024 0.1701728 0.1497717 0.2251299 0.3113815 0.0080643 0.2098422 0.0620517 0.2020553 0.0165001 0.3562377 0.0680243 0.0264309 0.2325784 0.2925112 0.0158593 0.2746068 0.1670693 0.2265887 0.2223875 0.2284301 0.2658389 0.2330422 0.2552460 0.2402822 0.3317659 0.2640995 0.0654746 0.2488153 0.0424802 0.0734144 0.0659324 0.2068545 0.0464747 0.2238273 0.0607818 0.0128341 0.2938980 
Scotolemon_lespesi       0.1285031 0.1365594 0.1793763 0.1512375 0.1424818 0.1235970 0.1247606 0.1275016 0.1241033 0.1081051 0.0958648 0.1430183 0.0000000 0.1063934 0.1085559 0.1221911 0.1635171 0.1935216 0.1129124 0.1451568 0.1498883 0.1523931 0.1437021 0.0579648 0.0398060 0.2293851 0.2826797 0.2614093 0.1531404 0.1559510 0.2524597 0.2154419 0.2471415 0.2296463 0.1960986 0.2844775 0.2648383 0.2658893 0.7300388 0.2446459 0.3390163 0.7747499 0.2628877 0.2245078 0.3231304 0.2431024 0.2423420 0.2408037 0.2561847 0.3064597 0.3170700 0.3332923 0.3598280 0.2163742 0.3473387 0.2242794 0.2231688 0.2315571 0.2714840 0.2233449 0.2667666 0.3807240 0.3143642 0.2400456 0.4357941 0.3982177 0.2583833 0.3159762 0.2693670 0.2680733 0.2745030 0.3398583 0.3073030 0.3401815 0.3568357 0.4162888 0.2614421 0.2637916 0.3680974 0.6858597 0.4186487 0.4550030 0.3236000 0.2535568 0.2798216 0.3507952 0.3388846 0.1968854 0.3925296 0.4022532 0.3154329 0.2433950 0.3407472 0.4874422 0.4029120 0.3421510 0.3351976 0.3309067 0.1396319 0.0718923 0.0293804 0.0861851 0.0539407 0.1199405 0.0852010 0.0297011 0.0857989 0.1304976 0.0893435 0.0814665 0.0760026 0.0753525 0.0488501 0.0849337 0.0498740 0.0449433 0.0427884 0.0421954 0.0758026 0.0806540 0.0806412 0.0790165 0.0424075 0.0902908 0.0875503 0.0484626 0.0491328 0.0435987 0.1013532 0.0958396 0.0982219 0.0804986 0.0850361 0.0935547 0.0818252 0.0964496 0.0848789 0.0914971 0.0883490 0.0775096 0.0882534 0.0891169 0.0868309 0.0873606 0.0855153 0.0864307 0.0937647 0.0914234 0.0852537 0.0445630 0.0928065 0.0526819 0.0699135 0.0666181 0.0965140 0.0991984 0.0854508 0.1250762 0.0586550 0.1282950 0.0474006 0.0477797 0.0477610 0.0473625 0.1019429 0.1093218 0.0125021 0.1070039 0.1052227 0.0826322 0.0395881 0.0809645 0.1131769 0.0517125 0.0913698 0.0565885 0.0269220 0.1039862 0.0471630 0.1146844 0.1172046 0.1149472 0.1226007 0.1192032 0.1089215 0.1192822 0.1018229 0.0862774 0.1357135 0.0718043 0.0985139 0.1277281 0.1502739 0.0528064 0.1465884 0.1425007 0.1949070 0.0759110 0.4499576 
IC_DNA104070             0.1152040 0.0445813 0.1632264 0.1130388 0.1118746 0.1131986 0.1071662 0.1048434 0.0945001 0.1048235 0.0422007 0.1299555 0.1063934 0.0000000 0.0134980 0.1193216 0.1372735 0.0564620 0.1258431 0.0514311 0.0676256 0.0787086 0.1428220 0.1914061 0.1697954 0.2959753 0.1308851 0.2882796 0.1049723 0.1300598 0.2780821 0.2495492 0.2865436 0.1545886 0.2952257 0.3124299 0.3142668 0.3209691 0.6935546 0.3391598 0.2487014 0.6464024 0.3025427 0.1381720 0.3906614 0.1418301 0.2957010 0.2962694 0.1354337 0.3517842 0.3344731 0.2598581 0.3921205 0.3274304 0.2612402 0.3148533 0.3081167 0.3234549 0.1873046 0.1366689 0.3531325 0.3050447 0.1774564 0.3071553 0.3806298 0.5108365 0.3749374 0.2031618 0.1697670 0.3503811 0.3864990 0.3342605 0.5123461 0.3575212 0.3243099 0.4251239 0.4487869 0.4534651 0.3303874 0.6301162 0.2947321 0.4091469 0.3995143 0.1418937 0.1585877 0.2748316 0.4312898 0.3366899 0.3787280 0.3823138 0.3310670 0.3489885 0.3467704 0.5626910 0.3543014 0.3187435 0.3101402 0.3144286 0.0216745 0.0963864 0.0184403 0.0943511 0.0230975 0.0203310 0.0259449 0.0170755 0.0911049 0.1071666 0.0749706 0.0875562 0.0184581 0.1367234 0.0893407 0.0925844 0.0773827 0.0844110 0.0747109 0.0768209 0.0833365 0.0186146 0.0189499 0.0213726 0.1069921 0.0933379 0.0245983 0.0211163 0.1481358 0.0297066 0.0238711 0.0242057 0.0890058 0.0706825 0.0788767 0.0844478 0.0231470 0.0824117 0.1265427 0.0935463 0.0921983 0.0193612 0.0792080 0.1158142 0.1105130 0.0973499 0.1026181 0.0404688 0.0174891 0.0162400 0.0595703 0.0017795 0.0156049 0.1115108 0.0423629 0.0470618 0.1677797 0.1111358 0.1873496 0.1562446 0.1265387 0.1433133 0.1410347 0.1681807 0.1528507 0.1697962 0.2485830 0.2996074 0.0109364 0.2178012 0.0327728 0.2028645 0.0203734 0.3996602 0.0356257 0.0300858 0.2833205 0.2882051 0.0191996 0.2735624 0.1559979 0.1835736 0.1876783 0.1905226 0.1892746 0.1993998 0.2127289 0.2334119 0.4128344 0.2021465 0.0568861 0.2516910 0.0291395 0.1035093 0.0560796 0.1993037 0.0189100 0.1501919 0.0265556 0.0163717 9.0000000 
IC_DNA104071             0.0432797 0.0450884 0.0975018 0.0496017 0.0497237 0.0454336 0.0439306 0.0465709 0.0402592 0.0463613 0.0440004 0.0477642 0.1085559 0.0134980 0.0000000 0.0413139 0.0560167 0.0601030 0.0495546 0.0515214 0.0623961 0.0707914 0.0517845 0.0824428 0.0775653 0.1754358 0.1359865 0.1587731 0.0490471 0.0567636 0.1585688 0.1225550 0.1500978 0.1563221 0.1320794 0.1632550 0.1645680 0.1819959 0.7516466 0.1545672 0.2535565 0.6077900 0.1436009 0.1375703 0.2551746 0.1399731 0.1401757 0.1436926 0.1313248 0.2052365 0.2652202 0.2501451 0.3831475 0.1394779 0.2778963 0.1516379 0.1434179 0.1519126 0.2576661 0.1566561 0.2047488 0.3488147 0.1959771 0.1503986 0.4077369 0.3568857 0.2069603 0.2195870 0.1937138 0.1861358 0.2227522 0.3403612 0.2260380 0.3860270 0.3473397 0.4585454 0.2291382 0.2286465 0.3684931 0.6490706 0.3075923 0.4577137 0.2373625 0.1427433 0.1843910 0.2760761 0.2302148 0.1757031 0.2877919 0.2609990 0.1947083 0.2042566 0.2605108 0.5908596 0.4090129 0.2973233 0.2891667 0.1955107 0.0216308 0.0208339 0.0184271 0.0248663 0.0227859 0.0203310 0.0274585 0.0170633 0.0167804 0.0110964 0.0173756 0.0178335 0.0181873 0.0123714 0.0191047 0.0205023 0.0175917 0.0187029 0.0165619 0.0151204 0.0194211 0.0183455 0.0186353 0.0210840 0.0170691 0.0189890 0.0241852 0.0208407 0.0255136 0.0296880 0.0241721 0.0245150 0.0195974 0.0185592 0.0201601 0.0209028 0.0231574 0.0207783 0.0216354 0.0246807 0.0244097 0.0193615 0.0238943 0.0323996 0.0249716 0.0303348 0.0285940 0.0398771 0.0183991 0.0171443 0.0094813 0.0000010 0.0159593 0.0412220 0.0423629 0.0468981 0.0522488 0.0308882 0.0371659 0.0637730 0.0465000 0.0577468 0.0276012 0.0248924 0.0230924 0.0242415 0.0250479 0.0097795 0.0109364 0.0323374 0.0353419 0.0221741 0.0198329 0.0120906 0.0371629 0.0343510 0.0123116 0.0352777 0.0191996 0.0325921 0.0265013 0.0399662 0.0457448 0.0450831 0.0332203 0.0436100 0.0378740 0.0417856 0.0270670 0.0179892 0.0570438 0.0520684 0.0288505 0.1034309 0.0549296 0.0249092 0.0184637 0.0179165 0.0272007 0.0158688 9.0000000 
Baculigerus              0.1015836 0.0614992 0.1812164 0.1214930 0.1264027 0.1108494 0.1217130 0.1159306 0.1221013 0.1193878 0.0418092 0.1358793 0.1221911 0.1193216 0.0413139 0.0000000 0.1383017 0.0752461 0.1158867 0.0591392 0.0742380 0.0865097 0.1261737 0.2017757 0.1873381 0.3140013 0.1909306 0.3017367 0.1388747 0.1261075 0.2853725 0.3125949 0.2689259 0.1392254 0.2737985 0.3174339 0.2951927 0.3140402 0.7744648 0.3329832 0.3138210 0.5871813 0.2870787 0.1595099 0.3622098 0.1588007 0.2614541 0.2783248 0.1745267 0.3575464 0.3433758 0.2911184 0.2868493 0.3156498 0.2554433 0.2758678 0.2957112 0.2943053 0.2500795 0.1623707 0.2712156 0.2981494 0.1782801 0.3002257 0.4122657 0.4577462 0.3756176 0.2347566 0.1913741 0.3396903 0.3733085 0.2920954 0.4104776 0.3062593 0.2911562 0.3787739 0.3907948 0.4265355 0.2904840 0.5201640 0.2327632 0.3494983 0.4102135 0.1488433 0.1747895 0.2294196 0.3773812 0.3729628 0.3489656 0.3626386 0.3137148 0.3240179 0.3389345 0.4266781 0.3196926 0.2286088 0.2332734 0.3214513 0.0361833 0.1200991 0.0109847 0.1371305 0.0195220 0.0417069 0.0419241 0.0103299 0.0704525 0.0896735 0.0717887 0.0608226 0.0190066 0.0775112 0.0671769 0.0896872 0.0505101 0.0579798 0.0585949 0.0605891 0.0815147 0.0225806 0.0230467 0.0205176 0.0774699 0.0812324 0.0317346 0.0171066 0.1372900 0.0201932 0.0330022 0.0334407 0.1030820 0.0913358 0.1063473 0.1028873 0.0364448 0.1135502 0.1237711 0.1060770 0.0949204 0.0209473 0.0973856 0.1251541 0.1523647 0.1288621 0.1272426 0.0584599 0.0348869 0.0343370 0.1050008 0.0142901 0.0384490 0.1533610 0.0385111 0.0426652 0.1877050 0.1363390 0.2151778 0.1937935 0.1366459 0.1556155 0.1484446 0.1531263 0.1544673 0.1502295 0.2226387 0.3024958 0.0052501 0.2265149 0.0593576 0.2006407 0.0123055 0.3172810 0.0569733 0.0200932 0.2677798 0.2697558 0.0106999 0.2685411 0.1394259 0.2101172 0.2202369 0.2049188 0.2256270 0.2462601 0.2500247 0.2310235 0.3180623 0.1553972 0.0712355 0.1797354 0.0433904 0.0965776 0.0751119 0.2015244 0.0284326 0.1394148 0.0592144 0.0104653 0.2928151 
Trionyxella              0.1417019 0.0717850 0.2064148 0.1394517 0.1350710 0.1356362 0.1360902 0.1326132 0.1355108 0.1516803 0.0553301 0.1376604 0.1635171 0.1372735 0.0560167 0.1383017 0.0000000 0.0652844 0.0916178 0.0472344 0.1021081 0.1265150 0.1559943 0.2315069 0.2197116 0.3010493 0.1920405 0.2818703 0.1441506 0.1458317 0.2941462 0.2786299 0.2803451 0.1698569 0.2934710 0.2407819 0.2372062 0.2366799 0.6535632 0.2489986 0.2005034 0.4657006 0.2125385 0.1216183 0.2446245 0.1283808 0.1941545 0.1995409 0.1223378 0.2154205 0.3133108 0.2218666 0.2706724 0.2111027 0.1829417 0.1728584 0.1815883 0.1786925 0.1571036 0.1333079 0.2436621 0.2494772 0.1584625 0.2701856 0.4177109 0.3841826 0.3528733 0.2048629 0.1506256 0.3222820 0.3653857 0.2482159 0.3744719 0.2658386 0.2817308 0.3114554 0.3827074 0.4147195 0.2492507 0.4789078 0.2407663 0.3446435 0.3742120 0.1798539 0.1671139 0.2027496 0.3533985 0.3557508 0.3530861 0.3994109 0.3483154 0.3629874 0.3552541 0.4222175 0.2941270 0.2165580 0.2052316 0.3547416 0.0401220 0.1140957 0.0177362 0.1129349 0.0217161 0.0413937 0.0393735 0.0148870 0.1184487 0.1464027 0.1096059 0.1123143 0.0365604 0.1063490 0.0939553 0.1274185 0.0939990 0.1104281 0.1086162 0.0982570 0.1192064 0.0402024 0.0400584 0.0424178 0.1134933 0.1085596 0.0475831 0.0250616 0.1458700 0.0312830 0.0394037 0.0377461 0.1157283 0.1215411 0.1118256 0.1214308 0.0426430 0.1391230 0.1096393 0.1149459 0.1065748 0.0344251 0.1082554 0.1605164 0.1582927 0.1699118 0.1527769 0.0753911 0.0398434 0.0387183 0.1466315 0.0219495 0.0453420 0.1797376 0.0481197 0.0613617 0.2266693 0.1582891 0.2465786 0.2014895 0.1584257 0.1592338 0.1768232 0.1681061 0.1797911 0.1717606 0.2223446 0.2977062 0.0122697 0.2110520 0.0533771 0.1526498 0.0283804 0.3357139 0.0549222 0.0256486 0.1779608 0.2660015 0.0171614 0.2277767 0.1803844 0.2268910 0.2250718 0.2402773 0.2407601 0.2292044 0.2508109 0.1880284 0.2985175 0.2010044 0.0762675 0.2259413 0.0530283 0.1077954 0.0807405 0.2227584 0.0496009 0.1879299 0.0654478 0.0267513 0.2310805 
Assamiidae_DNA104857     0.0781350 0.0945400 0.1507033 0.0887736 0.0853253 0.0774080 0.0713482 0.0714963 0.0712705 0.0594863 0.0520111 0.0861068 0.1935216 0.0564620 0.0601030 0.0752461 0.0652844 0.0000000 0.0269133 0.0377446 0.1102384 0.1672397 0.0705255 0.1118866 0.0824404 0.3487175 0.2978527 0.2669086 0.0863848 0.0870417 0.3270446 0.2558717 0.2798584 0.2932640 0.2402132 0.2731950 0.2697438 0.2420908 0.7055077 0.2330569 0.2338130 0.5192737 0.2126822 0.2024288 0.2162273 0.2153702 0.2041624 0.2140624 0.1803083 0.2086019 0.1657933 0.2784672 0.2606981 0.1327054 0.1748083 0.1053338 0.1205891 0.1131302 0.1048029 0.1425999 0.2781007 0.2832479 0.2572037 0.2696615 0.4643579 0.2880644 0.3333955 0.3551042 0.2687787 0.2891650 0.3159638 0.2595515 0.2031298 0.2981092 0.4578445 0.3864711 0.2893746 0.3700468 0.3167744 0.5728787 0.5467196 0.3696903 0.4565741 0.2991164 0.2774824 0.3408894 0.3010587 0.2290447 0.2843949 0.2306261 0.3034379 0.2741995 0.2621721 0.3735346 0.4457464 0.3995107 0.3446788 0.2500982 0.0323211 0.0373159 0.0170155 0.0336050 0.0104798 0.0264057 0.0278246 0.0116863 0.0268564 0.0338018 0.0259906 0.0240962 0.0247194 0.0242109 0.0124291 0.0323093 0.0115708 0.0138817 0.0119723 0.0119241 0.0300752 0.0304337 0.0309867 0.0276872 0.0121940 0.0275458 0.0312247 0.0092877 0.0151506 0.0121986 0.0331268 0.0321363 0.0425675 0.0375536 0.0279084 0.0302766 0.0335581 0.0324519 0.0433443 0.0382793 0.0366515 0.0296093 0.0377480 0.0450146 0.0344651 0.0357784 0.0396145 0.0707557 0.0294462 0.0295170 0.0349825 0.0139748 0.0364799 0.0498076 0.0164803 0.0356093 0.0757608 0.0452422 0.0661738 0.0709532 0.0479692 0.0629785 0.0229146 0.0188877 0.0167787 0.0195836 0.0600593 0.0435437 0.0080051 0.0454423 0.0432870 0.0319268 0.0123445 0.0362285 0.0488070 0.0035068 0.0353688 0.0107286 0.0122368 0.0573928 0.0146200 0.0932950 0.0793137 0.0924830 0.0912080 0.0870592 0.0930457 0.0906437 0.0699417 0.0316112 0.0562907 0.0432807 0.0426668 0.0693693 0.0666432 0.0157597 0.0456918 0.0562163 0.0583985 0.0063439 0.2257145 
Paktongius               0.1261179 0.0558903 0.2041122 0.1263954 0.1215705 0.1219924 0.1228746 0.1217638 0.1199236 0.1576549 0.0511185 0.1277117 0.1129124 0.1258431 0.0495546 0.1158867 0.0916178 0.0269133 0.0000000 0.0187447 0.0655429 0.0818335 0.1379629 0.2384880 0.2105180 0.3076772 0.1425892 0.2920032 0.1232436 0.1274880 0.3262422 0.3251028 0.2938300 0.1133501 0.3095919 0.2263631 0.2433420 0.2304191 0.7956803 0.2589848 0.2358395 0.5486857 0.2007220 0.0994917 0.2866502 0.1175112 0.1813447 0.1845311 0.0994117 0.2758927 0.3977462 0.2518148 0.3045331 0.1567727 0.1686547 0.1254570 0.1295374 0.1306543 0.1256578 0.0733098 0.2505127 0.3054331 0.1533257 0.2853171 0.4192301 0.4347894 0.3548305 0.1612297 0.1368094 0.3441308 0.3714843 0.3470989 0.4601738 0.3327359 0.3248791 0.3670605 0.4084070 0.4194469 0.3756094 0.6419906 0.2629639 0.4152773 0.3676484 0.1528772 0.1411181 0.2527689 0.3905200 0.3577819 0.3688852 0.3604789 0.3224028 0.3668900 0.3620855 0.5048935 0.2969939 0.2704065 0.2594489 0.3319849 0.0229281 0.0960296 0.0170062 0.0915364 0.0138282 0.0111795 0.0163682 0.0116801 0.0945789 0.1519229 0.0842586 0.0921770 0.0146063 0.0935442 0.0927125 0.0947002 0.0905662 0.1009216 0.1006338 0.1019526 0.1124823 0.0173517 0.0176472 0.0173585 0.1026547 0.0907166 0.0181546 0.0200140 0.1299268 0.0218920 0.0229554 0.0241577 0.0848243 0.0918314 0.0933622 0.0987188 0.0263685 0.1173166 0.0930696 0.0887252 0.0824672 0.0169015 0.0835595 0.1390713 0.1319785 0.1314640 0.1213635 0.0420539 0.0224879 0.0215094 0.1221369 0.0194299 0.0218848 0.1449986 0.0431693 0.0503002 0.1857047 0.1334423 0.1987711 0.1967917 0.1609487 0.1375788 0.1713108 0.1620233 0.1648002 0.1516258 0.2173300 0.3389159 0.0080051 0.1806788 0.0107785 0.1459354 0.0175055 0.3640048 0.0142219 0.0094523 0.1623052 0.2428594 0.0122368 0.2243869 0.1706425 0.2604643 0.2504238 0.2525261 0.2437214 0.2639847 0.2376700 0.1837513 0.3209267 0.2372575 0.0533831 0.2099124 0.0306417 0.0969191 0.0618660 0.2153212 0.0171225 0.1754484 0.0344194 0.0185215 9.0000000 
