199
Zalmoxis                 0.0000000 0.0552439 0.1488610 0.1033961 0.1026065 0.0938290 0.1009725 0.1026612 0.1020954 0.1093848 0.0440951 0.1085166 0.0996294 0.0869113 0.0396593 0.0797357 0.1084386 0.0629446 0.0919826 0.0519561 0.0661862 0.0742718 0.1063561 0.1310975 0.1355517 0.2426504 0.1184767 0.2522478 0.1061413 0.1115216 0.2904997 0.2678081 0.2524794 0.1247050 0.2917406 0.2812555 0.2551762 0.2563111 8.9999989 0.2778745 0.1820454 5.9908071 0.2627151 0.1186674 0.4135964 0.1251659 0.2263760 0.2380282 0.1270971 0.3888236 0.3712351 0.1954483 0.2335868 0.2642358 0.2104814 0.2430265 0.2545218 0.2531816 0.1572281 0.1250900 0.2706596 0.1907948 0.1370334 0.3182422 0.2146655 0.5790707 0.3417312 0.1682354 0.1348197 0.3476193 0.3712614 0.2008807 0.5873861 0.2050080 0.2781099 0.1895862 0.3823925 0.3781445 0.2003295 0.3174034 0.1456990 0.2114374 0.3383369 0.1369680 0.1281988 0.1542939 0.3451565 0.2745196 0.2922180 0.2714916 0.2559922 0.2645176 0.2974119 0.2613064 0.1763864 0.1445016 0.1569691 0.2505889 0.0371800 0.1017236 0.0153172 0.1134851 0.0183206 0.0443843 0.0390283 0.0115036 0.0684804 0.0990367 0.0614113 0.0535240 0.0150973 0.0809499 0.0607336 0.0749441 0.0516496 0.0569178 0.0548649 0.0590798 0.0468545 0.0143057 0.0147647 0.0264516 0.0695994 0.0761651 0.0274819 0.0161343 0.1133540 0.0206091 0.0332484 0.0335675 0.0882255 0.0806226 0.0843641 0.0852970 0.0335478 0.0938286 0.0966042 0.0866138 0.0816647 0.0236193 0.0832007 0.1093035 0.1141216 0.0979798 0.1004252 0.0514496 0.0322014 0.0319417 0.0936777 0.0169773 0.0355599 0.1212831 0.0338603 0.0392553 0.1427508 0.1152377 0.1607365 0.1580277 0.1206007 0.1369809 0.1009131 0.1058881 0.1027604 0.1139089 0.1802203 0.3267369 0.0065605 0.1940030 0.0563551 0.1702090 0.0144083 0.4153901 0.0627074 0.0260845 0.2257851 0.2494369 0.0155086 0.2370383 0.1124607 0.1921073 0.2022200 0.2025546 0.2127854 0.1933820 0.1996619 0.2147592 0.3132972 0.1264876 0.0699660 0.1414317 0.0414826 0.0828800 0.0634616 0.1490013 0.0208581 0.0913781 0.0492749 0.0063025 0.4081442 
Dongmoa                  0.0552439 0.0000000 0.0959297 0.0558006 0.0577317 0.0544874 0.0526978 0.0600081 0.0530147 0.0275948 0.0260451 0.0588938 0.1092852 0.0410981 0.0416205 0.0544262 0.0639901 0.0729493 0.0498008 0.0609681 0.0753352 0.0869684 0.0652271 0.0760774 0.0682381 0.1212772 0.1369554 0.1419221 0.0627318 0.0608044 0.1373808 0.1203910 0.1379321 0.1347712 0.1281868 0.1414529 0.1341831 0.1495064 4.1432423 0.1407129 0.1821054 2.6134781 0.1343093 0.1253614 0.1723860 0.1330808 0.1313609 0.1393344 0.1352549 0.1790278 0.1888983 0.1770450 0.2100512 0.1325647 0.2016612 0.1385152 0.1328521 0.1382140 0.1589112 0.1345119 0.1598671 0.2337256 0.1660649 0.1411406 0.2268794 0.2127567 0.1357245 0.1899565 0.1594360 0.1588479 0.1596065 0.2295897 0.1634821 0.2205831 0.2790395 0.1907116 0.1506745 0.1286183 0.2261945 0.3430262 0.1796846 0.2605665 0.1402995 0.1553667 0.1363112 0.1814496 0.1606200 0.1353094 0.2063880 0.1913860 0.1670905 0.1656837 0.2047118 0.3000059 0.1959208 0.1705541 0.1904219 0.1672404 0.0468895 0.0434635 0.0158991 0.0465654 0.0297176 0.0601934 0.0477146 0.0159576 0.0360242 0.0407281 0.0362925 0.0365387 0.0350269 0.0330932 0.0264355 0.0392542 0.0223788 0.0217312 0.0198666 0.0191048 0.0372488 0.0377950 0.0384737 0.0378363 0.0193029 0.0405414 0.0463124 0.0268444 0.0312723 0.0292019 0.0427230 0.0421728 0.0415072 0.0402896 0.0381339 0.0398576 0.0394259 0.0155495 0.0442619 0.0434342 0.0386358 0.0387580 0.0414222 0.0529127 0.0451007 0.0460205 0.0467657 0.0672815 0.0423704 0.0425803 0.0440018 0.0210983 0.0434162 0.0609437 0.0415340 0.0475659 0.0775692 0.0497423 0.0671013 0.0835974 0.0520143 0.0750620 0.0313478 0.0280130 0.0269446 0.0294133 0.0768204 0.0678079 0.0149510 0.0728851 0.0746073 0.0506986 0.0259117 0.0587055 0.0771493 0.0421903 0.0583701 0.0407052 0.0221915 0.0629639 0.0300383 0.0812996 0.0816358 0.0914266 0.0834420 0.0810374 0.0741956 0.0788021 0.0873475 0.0409744 0.0768873 0.0439069 0.0463851 0.0876559 0.0747875 0.0352644 0.0519977 0.0511173 0.0268627 0.0248239 0.4604769 
Tithaeus                 0.1488610 0.0959297 0.0000000 0.1455552 0.1458756 0.1364753 0.1365514 0.1266388 0.1326352 0.1314711 0.0796153 0.1404113 0.1401619 0.1255091 0.0822042 0.1373054 0.1605271 0.1049034 0.1500714 0.0853900 0.1240386 0.1219829 0.1568281 0.1740143 0.1699974 0.2275553 0.1414311 0.2402164 0.1499113 0.1502243 0.1140536 0.1080969 0.0850149 0.1468177 0.2631034 0.2710818 0.2511911 0.2758749 3.6662772 0.2959016 0.1815315 1.8789116 0.2432562 0.1355488 0.3522663 0.1368326 0.2387307 0.2433045 0.1484812 0.3634875 0.2351638 0.1562777 0.1818487 0.2717571 0.1973140 0.2626060 0.2665080 0.2660984 0.1633433 0.1549018 0.2540597 0.1993873 0.1789286 0.2564342 0.2185068 0.3893916 0.3028217 0.2014633 0.1696411 0.3027396 0.3136976 0.1993063 0.4309422 0.1968367 0.2952541 0.2035315 0.3690591 0.3749300 0.2035354 0.3271428 0.1956181 0.2561807 0.3469591 0.1675114 0.1735633 0.1940788 0.3492758 0.3016419 0.2905535 0.3201608 0.2830372 0.2842855 0.2832826 0.2469996 0.2114657 0.1894632 0.2012267 0.2757197 0.0760003 0.1308666 0.0384426 0.1521862 0.0682560 0.0834295 0.0963734 0.0358398 0.1276401 0.1481478 0.1268594 0.1385407 0.0728163 0.1534246 0.1214098 0.1381970 0.1060593 0.0961593 0.0944136 0.1005684 0.1320345 0.0710106 0.0725847 0.0741960 0.1226950 0.1233294 0.0836494 0.0524959 0.1065310 0.0579856 0.0785877 0.0703678 0.1326678 0.1179617 0.1261443 0.1317636 0.0737762 0.1283229 0.1356195 0.1232365 0.1200709 0.0704565 0.1206553 0.1565620 0.1578879 0.1482561 0.1389635 0.0939465 0.0756679 0.0747053 0.1155261 0.0438962 0.0833214 0.1682305 0.0647364 0.0780268 0.1854703 0.1600042 0.1846415 0.0582594 0.0549245 0.0567668 0.1159485 0.1424749 0.1478541 0.1284933 0.1919371 0.2185536 0.0189943 0.2120094 0.0836018 0.1677418 0.0468825 0.2709075 0.0877379 0.0638638 0.2236541 0.2157280 0.0383586 0.2271577 0.1245318 0.0456513 0.0600411 0.0531135 0.0833835 0.0853917 0.0918432 0.1202707 0.1711236 0.1612516 0.0962382 0.1734162 0.0867868 0.1234522 0.1086461 0.1627893 0.1128718 0.2496074 0.1097791 0.0736939 0.4127656 
Martensiellus            0.1033961 0.0558006 0.1455552 0.0000000 0.0569762 0.0574370 0.0931475 0.0911753 0.0960138 0.0999240 0.0428753 0.1062887 0.1145527 0.0889086 0.0453871 0.0949759 0.1122068 0.0707194 0.0963326 0.0594100 0.0725872 0.0834408 0.1199771 0.1374691 0.1324272 0.2383530 0.1276867 0.2256699 0.0591847 0.0667267 0.2549346 0.2504178 0.2268855 0.1215964 0.2333002 0.2452438 0.2496318 0.2806249 5.0272431 0.2730294 0.1604116 2.0506879 0.2199291 0.1126412 0.3071902 0.1198892 0.2114044 0.2171711 0.1262663 0.3408305 0.2584196 0.1547393 0.2001119 0.2754412 0.1863396 0.2518329 0.2608241 0.2610227 0.1662178 0.1337400 0.2552014 0.1803478 0.1465794 0.2617881 0.2082764 0.5265806 0.3423184 0.1716835 0.1408139 0.3160650 0.4054012 0.1828973 0.5255218 0.1887742 0.2808074 0.1746836 0.3672298 0.3759174 0.1789589 0.2986421 0.1535800 0.2064325 0.3342646 0.1496382 0.1335809 0.1563587 0.3347711 0.2657978 0.2831228 0.2607641 0.2467893 0.2678858 0.2770144 0.2532481 0.1825326 0.1570442 0.1663346 0.2566030 0.0426219 0.0931397 0.0172212 0.1060166 0.0237030 0.0497890 0.0434437 0.0153020 0.0838694 0.1268336 0.0827799 0.0875805 0.0302439 0.1106438 0.0776498 0.0883746 0.0711615 0.0776644 0.0742276 0.0759451 0.0921643 0.0351243 0.0342254 0.0358968 0.0816014 0.0921878 0.0383219 0.0233670 0.0941889 0.0259126 0.0366300 0.0394145 0.0854221 0.0781227 0.0839099 0.0828808 0.0405485 0.0962326 0.0845094 0.0799601 0.0756554 0.0316284 0.0778471 0.1076514 0.1198303 0.1039079 0.1034109 0.0609458 0.0401508 0.0393000 0.0964713 0.0215393 0.0403018 0.1128790 0.0407748 0.0451638 0.1524966 0.1201498 0.1680690 0.1467507 0.1114445 0.1317342 0.1020028 0.1184610 0.1186735 0.1068518 0.1884866 0.2387911 0.0106331 0.1839879 0.0634330 0.1541118 0.0204359 0.3379676 0.0717944 0.0330969 0.1948804 0.2461875 0.0106550 0.2380246 0.1142826 0.1760952 0.1633317 0.1736363 0.1717505 0.1703076 0.1702281 0.1967894 0.2884356 0.1681983 0.0702252 0.1364492 0.0440366 0.0847350 0.0732955 0.1497267 0.0454729 0.1490610 0.0633220 0.0214776 0.2722997 
Palaeoncopus             0.1026065 0.0577317 0.1458756 0.0569762 0.0000000 0.0518377 0.0972539 0.0907664 0.0941298 0.1009327 0.0408637 0.1053203 0.1111071 0.0886391 0.0452492 0.0983859 0.1094274 0.0682351 0.0931869 0.0621140 0.0745667 0.0865049 0.1095510 0.1439353 0.1384594 0.2352336 0.1359733 0.2300815 0.0509456 0.0574296 0.2446392 0.2503893 0.2154497 0.1155070 0.2391937 0.2435628 0.2269627 0.2749570 2.1590223 0.2490223 0.1642032 1.3285646 0.2010722 0.1099786 0.3229694 0.1179095 0.2084137 0.2146927 0.1234369 0.2936865 0.2767724 0.1666667 0.2056589 0.2539261 0.1867522 0.2346294 0.2454868 0.2455474 0.1614792 0.1307442 0.2597616 0.2040420 0.1547564 0.2716862 0.2179609 0.5850731 0.3171122 0.1613387 0.1372172 0.3143088 0.3589322 0.1894616 0.5508638 0.1926472 0.2603957 0.1831326 0.3571638 0.3508518 0.1811193 0.2898215 0.1378268 0.2376789 0.3084138 0.1473889 0.1291995 0.1399533 0.3227158 0.2797902 0.2919379 0.2794494 0.2482305 0.2731595 0.2953293 0.3027375 0.1852951 0.1467752 0.1531298 0.2507971 0.0422243 0.0838509 0.0152182 0.1067331 0.0219249 0.0549422 0.0436851 0.0139911 0.0818997 0.1179019 0.0813240 0.0849502 0.0280197 0.1055225 0.0727323 0.0914349 0.0706370 0.0784708 0.0777947 0.0768056 0.0854245 0.0323415 0.0328788 0.0328683 0.0807924 0.0913994 0.0410922 0.0226145 0.0943667 0.0245796 0.0384653 0.0385894 0.0870632 0.0834918 0.0803985 0.0857612 0.0382715 0.1033054 0.0842000 0.0847235 0.0762049 0.0344663 0.0784672 0.1081555 0.1177247 0.1079007 0.1075843 0.0584023 0.0398462 0.0387257 0.0974043 0.0208705 0.0411891 0.1196924 0.0381160 0.0455241 0.1588059 0.1253365 0.1687716 0.1576747 0.1197094 0.1370285 0.1017442 0.1086505 0.1110489 0.1002042 0.1687686 0.2227898 0.0119932 0.2042230 0.0617301 0.1467722 0.0212812 0.3759145 0.0727770 0.0335991 0.2160030 0.2247373 0.0137874 0.2390328 0.1103530 0.1804824 0.1722789 0.1874224 0.1934465 0.1865930 0.1823623 0.2145626 0.2887355 0.1520712 0.0683753 0.1403220 0.0436641 0.0859063 0.0732721 0.1378264 0.0409770 0.1518569 0.0632553 0.0208209 0.5740524 
Sandokan                 0.0938290 0.0544874 0.1364753 0.0574370 0.0518377 0.0000000 0.0911361 0.0821676 0.0944549 0.0967719 0.0391728 0.1028887 0.0994733 0.0873071 0.0420203 0.0887174 0.1090261 0.0629753 0.0940075 0.0572642 0.0724867 0.0796826 0.1156681 0.1234563 0.1358142 0.2118318 0.1229711 0.2109868 0.0520554 0.0567775 0.2270388 0.2301245 0.2027480 0.1205851 0.2476175 0.2304366 0.2215029 0.2528573 2.1635224 0.2366176 0.1616159 1.5767119 0.1976833 0.1052431 0.3278411 0.1139940 0.1936325 0.2017102 0.1148309 0.3050289 0.2499177 0.1531340 0.1889467 0.2414462 0.1746782 0.2320349 0.2478665 0.2558092 0.1538341 0.1235721 0.2326950 0.2040145 0.1460120 0.2628416 0.1731405 0.5026353 0.2856064 0.1486633 0.1269127 0.3008411 0.3398998 0.1836538 0.5843942 0.1841342 0.2302109 0.1733498 0.3447189 0.3245195 0.1732059 0.2958777 0.1412583 0.2340903 0.3096469 0.1312268 0.1162339 0.1393237 0.3094008 0.2676580 0.2801925 0.2610048 0.2436085 0.2431940 0.2766825 0.2483428 0.1706988 0.1448462 0.1510329 0.2307745 0.0437799 0.0897992 0.0145539 0.1073651 0.0234880 0.0561617 0.0414580 0.0133322 0.0789698 0.1145038 0.0802695 0.0818628 0.0297173 0.1035918 0.0818167 0.0948434 0.0678659 0.0726876 0.0723585 0.0722514 0.0844908 0.0327041 0.0332503 0.0361087 0.0857962 0.0972555 0.0395564 0.0226475 0.0991680 0.0269379 0.0402171 0.0390254 0.0840033 0.0836582 0.0833064 0.0860711 0.0381113 0.0923830 0.0896465 0.0832732 0.0760104 0.0333914 0.0812477 0.1051395 0.1218683 0.1049847 0.1041907 0.0604504 0.0409852 0.0392522 0.0838929 0.0199772 0.0388367 0.1148993 0.0393222 0.0477901 0.1461357 0.1210513 0.1650093 0.1437312 0.1061008 0.1282077 0.0955282 0.1024651 0.1062359 0.0999459 0.1620220 0.2312582 0.0078739 0.1870609 0.0547719 0.1405682 0.0185281 0.3538078 0.0671272 0.0277781 0.2065720 0.2154706 0.0090300 0.2338824 0.1079737 0.1604958 0.1533405 0.1600080 0.1709975 0.1581962 0.1664124 0.1951173 0.2386541 0.1506289 0.0733773 0.1390205 0.0440098 0.0844466 0.0728080 0.1421359 0.0432753 0.1350523 0.0634576 0.0219600 0.7273071 
Glysterus                0.1009725 0.0526978 0.1365514 0.0931475 0.0972539 0.0911361 0.0000000 0.0677683 0.0551229 0.0886098 0.0363218 0.1020255 0.1008423 0.0818883 0.0406143 0.0931438 0.1066028 0.0592149 0.0939796 0.0586319 0.0666721 0.0773189 0.0994030 0.1347516 0.1257393 0.2079073 0.1182060 0.2025855 0.0955721 0.0975085 0.2352072 0.2013054 0.2060233 0.1150578 0.2151487 0.2438959 0.2330851 0.2496187 3.0339169 0.2512837 0.1677071 2.0278486 0.2120121 0.1119742 0.3135777 0.1149141 0.2073920 0.2161577 0.1093858 0.3346546 0.2557615 0.1497356 0.1738039 0.2270596 0.1495481 0.2104009 0.2294870 0.2255888 0.1385720 0.1196550 0.2241081 0.1831146 0.1440641 0.2562996 0.1930430 0.4573416 0.2995150 0.1680280 0.1393812 0.3020051 0.3431564 0.1825492 0.5056391 0.1871492 0.2459912 0.1833008 0.3338903 0.3333952 0.1807607 0.3337435 0.1601813 0.2346341 0.2982039 0.1363070 0.1254389 0.1553438 0.3166635 0.2422891 0.2886400 0.2732579 0.2503743 0.2508414 0.2745941 0.2444497 0.1828112 0.1576339 0.1677213 0.2332194 0.0375918 0.0781628 0.0159467 0.1008443 0.0256334 0.0442423 0.0428086 0.0174824 0.0828630 0.1028647 0.0741765 0.0803124 0.0300968 0.0975463 0.0721968 0.0920466 0.0675605 0.0687101 0.0717921 0.0718397 0.0881529 0.0327608 0.0335900 0.0337549 0.0776398 0.0907040 0.0395350 0.0195253 0.0990803 0.0252800 0.0349071 0.0347554 0.0475441 0.0500889 0.0419592 0.0492516 0.0173862 0.0844959 0.0857724 0.0782117 0.0711247 0.0324995 0.0698395 0.1071555 0.1056017 0.0935014 0.0943102 0.0557503 0.0385387 0.0376894 0.0848381 0.0196446 0.0389086 0.1088370 0.0278588 0.0474327 0.1410990 0.1032521 0.1469354 0.1342483 0.1000655 0.1171083 0.0948401 0.1046252 0.1051559 0.1008210 0.1792031 0.2324754 0.0079035 0.1897160 0.0611115 0.1339941 0.0238926 0.2995123 0.0605006 0.0332301 0.2323542 0.2063582 0.0204355 0.2075903 0.1111381 0.1607087 0.1475401 0.1553290 0.1647927 0.1516541 0.1507956 0.1784650 0.2733260 0.1561845 0.0681461 0.1348417 0.0244797 0.0891027 0.0646092 0.1405062 0.0409069 0.1358068 0.0523719 0.0177908 0.3046584 
Cynortula                0.1026612 0.0600081 0.1266388 0.0911753 0.0907664 0.0821676 0.0677683 0.0000000 0.0582668 0.0955526 0.0390154 0.0940236 0.1034145 0.0828213 0.0432165 0.0913843 0.1065552 0.0610444 0.0943873 0.0609572 0.0706429 0.0796873 0.1099038 0.1421395 0.1286913 0.2139939 0.1172939 0.2074756 0.0917087 0.0932776 0.2114448 0.1991744 0.1820586 0.1184604 0.2263809 0.2280570 0.2178710 0.2229753 1.7864406 0.2335276 0.1623060 1.1598533 0.1910177 0.1077352 0.3061799 0.1123746 0.1996780 0.2032738 0.1182480 0.2973947 0.2450226 0.1518593 0.1831522 0.2402258 0.1857113 0.2167303 0.2387112 0.2375611 0.1561998 0.1281315 0.2356124 0.1913677 0.1437238 0.2476707 0.2092631 0.4663036 0.3163413 0.1584021 0.1275843 0.2988915 0.3258294 0.1568551 0.4658622 0.1638057 0.2279467 0.1867159 0.3105323 0.3419595 0.1899994 0.3031005 0.1536372 0.2292070 0.3090200 0.1310016 0.1352600 0.1514254 0.3116965 0.2625246 0.2711089 0.2852543 0.2327811 0.2433490 0.2752330 0.2378298 0.1722985 0.1593081 0.1598998 0.2244017 0.0404299 0.0846502 0.0215676 0.1031909 0.0312676 0.0476113 0.0452109 0.0231609 0.0873727 0.1069390 0.0836299 0.0861511 0.0348869 0.0988164 0.0819479 0.0949792 0.0704952 0.0759208 0.0694932 0.0754331 0.0837439 0.0342012 0.0342080 0.0389207 0.0830694 0.0909376 0.0441240 0.0223462 0.0969516 0.0312642 0.0403764 0.0383459 0.0687586 0.0609716 0.0577568 0.0662405 0.0213212 0.0964159 0.0880147 0.0795120 0.0774682 0.0345671 0.0719611 0.1101576 0.1085872 0.1022730 0.1013799 0.0699342 0.0415073 0.0396180 0.0842790 0.0217373 0.0423932 0.1126734 0.0320870 0.0584427 0.1416364 0.1140083 0.1573910 0.1310121 0.1024627 0.1181987 0.1020703 0.1086162 0.1202789 0.1076727 0.1632123 0.2234485 0.0148247 0.1884256 0.0633450 0.1431860 0.0266600 0.3028435 0.0636939 0.0361214 0.1973055 0.2162138 0.0308639 0.2235232 0.1134437 0.1358717 0.1312616 0.1447788 0.1535082 0.1551278 0.1575496 0.1635880 0.2429591 0.1680117 0.0741308 0.1559868 0.0342300 0.0905130 0.0719643 0.1359168 0.0418297 0.1212265 0.0587705 0.0205385 0.4032775 
Zygopachylus             0.1020954 0.0530147 0.1326352 0.0960138 0.0941298 0.0944549 0.0551229 0.0582668 0.0000000 0.0925076 0.0368947 0.1046604 0.1003004 0.0782897 0.0377231 0.0948231 0.1083442 0.0597929 0.0938274 0.0557441 0.0654060 0.0751450 0.1032456 0.1429608 0.1236847 0.2357857 0.1096757 0.2107263 0.0951064 0.0953456 0.2396113 0.2190522 0.2097004 0.1135020 0.2268842 0.2452023 0.2372719 0.2613882 3.1351658 0.2547961 0.1655537 1.2782609 0.2209869 0.1056947 0.3270911 0.1084493 0.2129432 0.2163915 0.1101482 0.2908288 0.2712901 0.1541029 0.1869498 0.2464623 0.1808174 0.2256055 0.2312313 0.2407542 0.1573791 0.1151749 0.2415790 0.1784074 0.1323273 0.2332938 0.1898797 0.4799998 0.3231264 0.1627962 0.1368089 0.3132220 0.3459367 0.1826672 0.4642067 0.1836752 0.2413648 0.1903873 0.3425730 0.3739809 0.1781475 0.3133859 0.1484170 0.2484989 0.3126348 0.1421511 0.1255452 0.1515042 0.3175934 0.2859094 0.2712182 0.2804481 0.2482543 0.2604633 0.2948759 0.2730934 0.1887959 0.1489709 0.1532211 0.2487242 0.0349798 0.0821735 0.0165424 0.1029549 0.0253399 0.0464450 0.0401248 0.0180875 0.0841139 0.1074819 0.0839383 0.0887926 0.0295559 0.0961071 0.0762597 0.0946589 0.0674363 0.0754860 0.0717123 0.0716321 0.0908188 0.0323445 0.0328358 0.0330831 0.0812599 0.0924252 0.0387416 0.0189493 0.1039859 0.0252048 0.0354575 0.0325877 0.0568150 0.0545542 0.0535670 0.0600329 0.0166993 0.0910410 0.0874042 0.0761793 0.0757667 0.0307627 0.0746867 0.1101159 0.1125123 0.0983308 0.0974701 0.0590774 0.0371097 0.0362556 0.0889141 0.0190837 0.0377613 0.1218667 0.0308991 0.0495613 0.1436571 0.1180257 0.1531842 0.1338524 0.0979851 0.1273745 0.1050872 0.1129477 0.1223663 0.1026399 0.1911726 0.2600968 0.0106176 0.2144789 0.0619720 0.1533061 0.0225438 0.3617490 0.0578834 0.0312076 0.2328644 0.2156384 0.0237871 0.2367177 0.1145962 0.1579937 0.1541331 0.1566170 0.1805650 0.1756547 0.1785462 0.1839125 0.3113087 0.1719627 0.0672154 0.1602421 0.0263546 0.0870507 0.0675582 0.1461399 0.0371305 0.1400880 0.0468715 0.0153768 0.4310225 
Santobius_DNA104931      0.1093848 0.0275948 0.1314711 0.0999240 0.1009327 0.0967719 0.0886098 0.0955526 0.0925076 0.0000000 0.0025602 0.1038565 0.0846150 0.0827867 0.0421522 0.0874136 0.1133735 0.0500629 0.1111520 0.0525475 0.0567341 0.0626503 0.1115466 0.1646073 0.1251996 0.2606050 0.0911229 0.2430819 0.1020129 0.1011657 0.2492561 0.2249287 0.2404050 0.0970119 0.2433662 0.2948002 0.2593314 0.2835981 4.0405042 0.2789514 0.1214969 1.7745615 0.2464565 0.0915246 0.3916135 0.1002713 0.2369797 0.2319920 0.0953300 0.4349084 0.3761835 0.1365985 0.1483387 0.2804192 0.1420324 0.2488655 0.2718445 0.2755337 0.1202844 0.0965686 0.2817779 0.1627611 0.1247036 0.2185465 0.2101310 0.4399146 0.2674208 0.1261886 0.1176798 0.2518825 0.3379438 0.1607210 0.5069153 0.1601891 0.2420326 0.1907833 0.3377855 0.3669186 0.1558119 0.3198224 0.1552085 0.1999302 0.2997893 0.1070499 0.1009776 0.1292507 0.3388848 0.2660783 0.3218955 0.3049915 0.2711246 0.2672098 0.2912560 0.2306919 0.1619318 0.1481378 0.1438870 0.2224876 0.0214938 0.0917542 0.0160320 0.0916268 0.0269345 0.0175889 0.0313549 0.0191848 0.0778749 0.1029207 0.0784901 0.0810868 0.0195555 0.0965304 0.0842663 0.0876940 0.0664093 0.0746350 0.0656569 0.0795583 0.0823740 0.0205808 0.0210081 0.0220919 0.0958917 0.0879108 0.0254275 0.0207485 0.1256592 0.0268051 0.0263976 0.0249887 0.0790247 0.0732716 0.0801615 0.0765700 0.0225928 0.0428923 0.0981606 0.0852942 0.0825770 0.0233528 0.0789066 0.1065735 0.1017990 0.0889295 0.0946046 0.0388028 0.0250925 0.0250856 0.0812448 0.0196146 0.0194964 0.0991977 0.0323093 0.0467133 0.1339215 0.0970578 0.1410173 0.1358492 0.1196581 0.1275427 0.1196343 0.1400072 0.1269127 0.1323462 0.2121220 0.3815372 0.0105574 0.1891421 0.0367620 0.1762293 0.0227906 0.3175532 0.0376687 0.0358220 0.2657345 0.1869906 0.0203467 0.1862083 0.1347178 0.1423062 0.1582228 0.1508424 0.1864757 0.1799874 0.1914922 0.2057938 0.3356023 0.1782186 0.0533380 0.1313462 0.0297780 0.0893921 0.0543169 0.1713757 0.0202246 0.1453065 0.0111995 0.0180778 9.0000000 
Santobius_DNA104930      0.0440951 0.0260451 0.0796153 0.0428753 0.0408637 0.0391728 0.0363218 0.0390154 0.0368947 0.0025602 0.0000000 0.0401935 0.0779109 0.0389555 0.0403205 0.0379793 0.0504082 0.0449356 0.0461825 0.0476059 0.0542819 0.0604252 0.0429297 0.0668372 0.0628409 0.0810558 0.0769507 0.0848156 0.0415828 0.0423505 0.0990540 0.0851606 0.0920933 0.0875008 0.0762060 0.0917279 0.0874971 0.0892211 6.4113847 0.0966925 0.1063152 2.4657957 0.0856881 0.0850000 0.1151989 0.0935370 0.0882648 0.0889224 0.0871258 0.1069019 0.1024748 0.1119294 0.1234147 0.0867335 0.1197354 0.0862620 0.0842337 0.0865391 0.1125042 0.0906008 0.1007997 0.1372830 0.1158104 0.0796766 0.1794068 0.1469376 0.0991974 0.1082465 0.1006924 0.0951633 0.1116392 0.1282033 0.0731769 0.1242219 0.2128842 0.1721438 0.1107447 0.1098306 0.1279719 0.2860513 0.1391702 0.1582730 0.0984234 0.0944963 0.0925674 0.1114844 0.1112748 0.0851863 0.2026155 0.1838774 0.1468091 0.1320688 0.1877331 0.1985427 0.1380863 0.1334919 0.1287097 0.1193478 0.0219427 0.0209375 0.0160909 0.0295000 0.0272924 0.0183473 0.0317485 0.0192555 0.0192416 0.0113485 0.0204083 0.0203413 0.0193075 0.0120560 0.0243032 0.0232060 0.0195235 0.0199422 0.0177859 0.0176668 0.0217492 0.0208914 0.0213303 0.0224121 0.0198085 0.0221567 0.0258237 0.0210621 0.0301085 0.0263035 0.0267259 0.0252866 0.0192286 0.0191493 0.0200943 0.0196731 0.0229135 0.0111734 0.0217545 0.0263001 0.0253206 0.0230838 0.0239506 0.0322061 0.0237727 0.0290232 0.0286689 0.0393223 0.0248489 0.0248420 0.0252746 0.0196146 0.0192098 0.0403809 0.0333466 0.0472795 0.0548691 0.0304514 0.0365974 0.0605072 0.0495753 0.0542448 0.0281899 0.0276930 0.0275586 0.0272232 0.0249698 0.0095306 0.0105574 0.0363017 0.0367620 0.0248806 0.0228500 0.0131092 0.0376687 0.0358220 0.0132191 0.0350777 0.0203467 0.0324480 0.0289032 0.0414191 0.0423158 0.0449610 0.0378092 0.0439498 0.0388990 0.0425316 0.0208417 0.0193620 0.0534580 0.0473864 0.0301241 0.0889631 0.0547589 0.0272553 0.0207124 0.0210982 0.0107222 0.0185695 9.0000000 
Hoplobunus               0.1085166 0.0588938 0.1404113 0.1062887 0.1053203 0.1028887 0.1020255 0.0940236 0.1046604 0.1038565 0.0401935 0.0000000 0.1065576 0.0937612 0.0426023 0.1008802 0.1079663 0.0687122 0.0957652 0.0577845 0.0712391 0.0825389 0.1102710 0.1624985 0.1445445 0.2147152 0.1151647 0.2096310 0.1085418 0.1066710 0.2720514 0.2337704 0.2185528 0.1133859 0.2417922 0.2258566 0.2178403 0.2532130 8.5720689 0.2589636 0.1869416 3.2945727 0.2237671 0.1109587 0.3205477 0.1163611 0.1879521 0.2007304 0.1272040 0.2977329 0.3310026 0.1594690 0.2061729 0.2500857 0.1993790 0.2334330 0.2423265 0.2409652 0.1761733 0.1351293 0.2370931 0.2067659 0.1376970 0.2507484 0.1961030 0.5213044 0.3179043 0.1600613 0.1330327 0.3080212 0.3416789 0.1940511 0.5244762 0.1990312 0.2559215 0.1803111 0.3339114 0.3237452 0.1976543 0.3402992 0.1462345 0.2431436 0.3036904 0.1283584 0.1262584 0.1472221 0.2877312 0.2848465 0.2950294 0.2875791 0.2459334 0.2779037 0.2846159 0.2621489 0.1600479 0.1416900 0.1554125 0.2394483 0.0352237 0.1015783 0.0147137 0.1056245 0.0192902 0.0481164 0.0388810 0.0103385 0.0873463 0.1163670 0.0862746 0.0918105 0.0268926 0.0996246 0.0803083 0.1027451 0.0753084 0.0768342 0.0720649 0.0706653 0.0842759 0.0279243 0.0283526 0.0352760 0.0901562 0.0898212 0.0387299 0.0153090 0.0970288 0.0134263 0.0368407 0.0339709 0.0858059 0.0824055 0.0852047 0.0929219 0.0354925 0.1024367 0.0735430 0.0681643 0.0662222 0.0302536 0.0681848 0.1197378 0.1136151 0.1013122 0.1040250 0.0594919 0.0362332 0.0362780 0.0941457 0.0172589 0.0406025 0.1235474 0.0138892 0.0427969 0.1587200 0.1175356 0.1803963 0.1390240 0.1085042 0.1202138 0.0982720 0.1018611 0.1101406 0.1066208 0.1742418 0.2697192 0.0079332 0.1570326 0.0570822 0.1487776 0.0163278 0.3232834 0.0616032 0.0261299 0.1868298 0.2081422 0.0156400 0.2125646 0.1120669 0.1742203 0.1714744 0.1736898 0.2082832 0.1790113 0.1881920 0.1953456 0.3070615 0.1750043 0.0617516 0.1466917 0.0408041 0.0630625 0.0625570 0.1504629 0.0462074 0.1661181 0.0588741 0.0132874 0.4830181 
Scotolemon_lespesi       0.0996294 0.1092852 0.1401619 0.1145527 0.1111071 0.0994733 0.1008423 0.1034145 0.1003004 0.0846150 0.0779109 0.1065576 0.0000000 0.0850114 0.0861653 0.0963430 0.1244957 0.1211584 0.0867548 0.1067646 0.1129840 0.1145356 0.1084320 0.0500124 0.0354760 0.1450418 0.1801760 0.1702580 0.1150869 0.1165303 0.1896188 0.1592835 0.1778953 0.1651010 0.1438804 0.1870121 0.1789276 0.1830767 8.9752480 0.1692657 0.2205672 8.9999985 0.1755288 0.1560696 0.2129886 0.1669175 0.1676982 0.1679732 0.1754274 0.2074490 0.2108985 0.2143764 0.2323583 0.1563765 0.2293924 0.1601576 0.1582475 0.1635376 0.1864166 0.1582198 0.1803565 0.2465711 0.2066253 0.1658187 0.2365672 0.2582750 0.1538986 0.2127195 0.1782852 0.1746147 0.1758279 0.2182212 0.1744063 0.2176851 0.3445152 0.1978494 0.1735631 0.1484247 0.2308694 0.3771875 0.2103688 0.2933914 0.1671000 0.1746794 0.1810623 0.2045820 0.2116495 0.1418087 0.2596516 0.2686382 0.2197292 0.1781230 0.2563654 0.2991677 0.2254529 0.1846318 0.1972015 0.2222956 0.1153207 0.0638713 0.0281505 0.0760882 0.0510138 0.0996572 0.0753619 0.0280720 0.0724351 0.1065616 0.0760386 0.0707931 0.0672310 0.0616808 0.0460306 0.0733647 0.0471580 0.0422685 0.0406177 0.0400462 0.0671549 0.0705584 0.0708742 0.0701156 0.0398858 0.0752529 0.0753533 0.0456086 0.0456050 0.0402484 0.0863524 0.0815080 0.0823388 0.0715586 0.0743709 0.0800951 0.0733099 0.0828257 0.0744184 0.0785776 0.0763253 0.0691614 0.0774759 0.0779843 0.0766850 0.0758247 0.0746241 0.0763034 0.0814509 0.0793033 0.0741586 0.0422797 0.0808728 0.0489858 0.0623015 0.0609003 0.0821362 0.0831049 0.0740711 0.1040623 0.0541094 0.1069302 0.0443900 0.0445124 0.0447397 0.0443788 0.0875645 0.0821044 0.0121766 0.0915620 0.0895292 0.0716934 0.0374237 0.0657830 0.0967614 0.0490480 0.0711295 0.0537581 0.0260914 0.0896052 0.0440020 0.0977233 0.0991187 0.0989577 0.1007508 0.1002646 0.0929302 0.1005699 0.0830240 0.0693057 0.1057007 0.0630276 0.0859553 0.0981943 0.1211823 0.0499845 0.1351508 0.1324877 0.1774884 0.0754922 0.9477853 
IC_DNA104070             0.0869113 0.0410981 0.1255091 0.0889086 0.0886391 0.0873071 0.0818883 0.0828213 0.0782897 0.0827867 0.0389555 0.0937612 0.0850114 0.0000000 0.0130379 0.0867536 0.1014693 0.0476971 0.0938526 0.0455617 0.0579258 0.0647258 0.1023161 0.1339119 0.1223633 0.2134234 0.0906917 0.2083785 0.0835792 0.0978307 0.2190401 0.1848167 0.2184351 0.1046929 0.2321632 0.2375172 0.2405841 0.2474344 6.8961979 0.2658830 0.1340673 4.8941189 0.2199280 0.0950553 0.3683781 0.0964781 0.2187817 0.2194987 0.0974573 0.3302367 0.2817367 0.1345192 0.1793135 0.2472605 0.1367258 0.2297057 0.2442547 0.2543565 0.1093704 0.0959195 0.2576357 0.1505312 0.1166570 0.2311218 0.2045506 0.4605317 0.2809569 0.1259522 0.1099015 0.2459957 0.2983097 0.1651665 0.5100203 0.1717647 0.2306229 0.2021463 0.3296025 0.3420836 0.1597873 0.3414289 0.1550402 0.2012119 0.2956771 0.0974991 0.1041780 0.1377288 0.3181209 0.2256293 0.2866886 0.2758230 0.2347843 0.2407739 0.2543205 0.2469073 0.1618770 0.1520445 0.1475715 0.2109023 0.0218816 0.0770131 0.0179735 0.0760219 0.0230946 0.0202336 0.0256591 0.0166619 0.0717585 0.0820721 0.0621819 0.0698654 0.0186201 0.0932679 0.0704417 0.0737584 0.0643523 0.0678842 0.0620444 0.0640147 0.0674584 0.0187905 0.0191530 0.0214300 0.0817854 0.0740165 0.0244812 0.0211545 0.1026776 0.0286094 0.0238708 0.0241822 0.0721726 0.0608010 0.0658766 0.0695220 0.0232965 0.0674333 0.0930485 0.0750031 0.0743878 0.0195142 0.0655564 0.0917529 0.0888094 0.0798348 0.0826927 0.0393152 0.0175257 0.0162890 0.0502248 0.0018108 0.0157680 0.0883422 0.0398291 0.0454309 0.1229071 0.0883748 0.1284697 0.1172604 0.0985146 0.1091975 0.1005893 0.1128063 0.1054299 0.1121904 0.1810301 0.2322022 0.0106806 0.1468132 0.0320582 0.1403022 0.0200729 0.2920283 0.0346460 0.0295164 0.2091560 0.1911749 0.0187025 0.1763252 0.1099153 0.1300222 0.1365756 0.1362175 0.1405842 0.1456354 0.1465181 0.1713835 0.3253626 0.1413603 0.0551527 0.1450260 0.0292359 0.0862602 0.0546305 0.1457597 0.0195266 0.1134856 0.0273851 0.0168964 9.0000000 
IC_DNA104071             0.0396593 0.0416205 0.0822042 0.0453871 0.0452492 0.0420203 0.0406143 0.0432165 0.0377231 0.0421522 0.0403205 0.0426023 0.0861653 0.0130379 0.0000000 0.0377654 0.0499762 0.0498793 0.0448450 0.0458056 0.0546583 0.0601127 0.0468469 0.0703216 0.0680540 0.1072634 0.0923007 0.1036960 0.0447746 0.0508744 0.1163180 0.0935300 0.1061723 0.1069671 0.0925942 0.1110704 0.1088642 0.1166180 8.2305663 0.1047381 0.1363724 3.4571281 0.0986161 0.0962406 0.1359609 0.0973467 0.0997975 0.1016876 0.0969643 0.1175584 0.1384281 0.1329464 0.1766569 0.0980159 0.1449659 0.1014945 0.0988766 0.1034784 0.1320666 0.1049727 0.1230817 0.1681296 0.1231227 0.1009370 0.2141717 0.1754301 0.1257355 0.1320583 0.1193123 0.1132834 0.1313850 0.1664965 0.1032924 0.1823198 0.2460490 0.2126231 0.1294252 0.1277637 0.1732594 0.3524362 0.1605373 0.2209647 0.1311334 0.0985721 0.1137918 0.1393823 0.1300856 0.1063982 0.2071623 0.1869567 0.1470388 0.1406077 0.1904877 0.2614526 0.1782220 0.1481085 0.1437742 0.1394981 0.0218362 0.0208243 0.0179596 0.0247852 0.0227809 0.0202336 0.0270875 0.0166490 0.0168568 0.0113105 0.0174828 0.0179655 0.0183432 0.0124526 0.0192054 0.0205914 0.0177328 0.0187382 0.0166931 0.0152429 0.0195574 0.0185140 0.0188326 0.0211389 0.0171775 0.0190521 0.0240740 0.0208748 0.0247947 0.0285900 0.0241542 0.0244744 0.0197066 0.0187346 0.0203032 0.0210330 0.0233070 0.0209058 0.0216327 0.0247085 0.0244204 0.0195159 0.0240613 0.0324447 0.0251155 0.0304076 0.0286973 0.0387660 0.0184026 0.0171635 0.0095703 0.0000010 0.0161053 0.0404005 0.0398291 0.0453089 0.0507541 0.0307798 0.0361750 0.0586446 0.0443777 0.0543728 0.0269754 0.0242499 0.0226759 0.0237755 0.0245875 0.0096454 0.0106806 0.0317163 0.0343862 0.0218925 0.0195481 0.0118799 0.0360074 0.0334711 0.0119789 0.0346490 0.0187025 0.0319899 0.0260220 0.0387367 0.0437982 0.0432274 0.0326194 0.0421359 0.0370337 0.0406589 0.0263821 0.0179825 0.0552810 0.0486939 0.0289424 0.0861950 0.0535710 0.0244834 0.0190537 0.0184553 0.0280515 0.0163667 9.0000000 
Baculigerus              0.0797357 0.0544262 0.1373054 0.0949759 0.0983859 0.0887174 0.0931438 0.0913843 0.0948231 0.0874136 0.0379793 0.1008802 0.0963430 0.0867536 0.0377654 0.0000000 0.1076131 0.0604598 0.0861837 0.0518284 0.0637674 0.0719305 0.0978041 0.1335657 0.1268464 0.2279724 0.1258813 0.2362588 0.1034536 0.0969586 0.2406687 0.2512028 0.2143323 0.1048984 0.2200019 0.2510414 0.2288808 0.2460676 8.9999985 0.2634211 0.1977980 2.9911050 0.2175023 0.1143709 0.3254837 0.1154769 0.1976903 0.2124657 0.1208264 0.3692479 0.2980490 0.1909578 0.1828757 0.2551135 0.1706571 0.2177480 0.2439065 0.2390623 0.1681151 0.1164030 0.2095686 0.1908164 0.1250667 0.2504035 0.2087836 0.4805487 0.2803553 0.1527336 0.1266467 0.2693034 0.3229980 0.1823648 0.4652382 0.1875055 0.2537591 0.1777819 0.3197437 0.3092789 0.1806635 0.2758568 0.1313446 0.2224935 0.2971930 0.1160787 0.1212228 0.1417920 0.2947000 0.2666368 0.2646005 0.2570302 0.2377182 0.2481648 0.2664308 0.2519354 0.1725283 0.1294270 0.1409905 0.2235160 0.0354751 0.0930863 0.0108198 0.1013337 0.0196405 0.0395043 0.0397729 0.0102263 0.0602222 0.0756346 0.0617772 0.0525524 0.0186790 0.0648680 0.0578049 0.0739741 0.0440682 0.0500439 0.0489095 0.0514225 0.0661704 0.0221418 0.0226167 0.0201508 0.0638266 0.0695541 0.0301666 0.0171689 0.0949535 0.0196962 0.0320559 0.0325233 0.0824866 0.0739901 0.0835476 0.0814487 0.0354083 0.0864882 0.0954446 0.0836538 0.0768149 0.0207837 0.0776007 0.0979434 0.1134741 0.0951955 0.0959563 0.0536758 0.0340018 0.0334374 0.0831714 0.0144495 0.0372660 0.1128806 0.0366294 0.0412197 0.1417319 0.1042051 0.1467646 0.1386087 0.1009476 0.1197817 0.1001153 0.1048272 0.1001954 0.1036993 0.1713702 0.2554359 0.0051882 0.1623135 0.0540855 0.1421117 0.0122709 0.2460422 0.0518499 0.0200072 0.2051121 0.1793550 0.0106395 0.1923105 0.0981062 0.1558963 0.1657976 0.1538554 0.1745654 0.1759501 0.1805640 0.1788487 0.2797601 0.1169641 0.0664034 0.1169795 0.0416535 0.0822351 0.0703134 0.1385890 0.0284119 0.1139108 0.0579044 0.0108173 0.4859517 
Trionyxella              0.1084386 0.0639901 0.1605271 0.1122068 0.1094274 0.1090261 0.1066028 0.1065552 0.1083442 0.1133735 0.0504082 0.1079663 0.1244957 0.1014693 0.0499762 0.1076131 0.0000000 0.0554900 0.0769759 0.0430819 0.0845525 0.0986569 0.1211823 0.1563486 0.1535981 0.2397517 0.1349802 0.2362634 0.1150762 0.1151773 0.2745599 0.2563967 0.2492658 0.1235887 0.2449734 0.2031126 0.2001195 0.2065988 4.9131325 0.2139316 0.1412552 1.5998166 0.1792280 0.0975623 0.2386051 0.1009402 0.1628222 0.1678749 0.0972358 0.2109193 0.3036379 0.1529474 0.1749798 0.1718478 0.1335930 0.1493961 0.1605355 0.1553396 0.1175096 0.1016033 0.2063671 0.1693570 0.1215817 0.2438055 0.2183823 0.4546322 0.3032022 0.1471333 0.1123473 0.2817478 0.3593855 0.1637208 0.4367851 0.1721339 0.2442562 0.1577520 0.3529300 0.3522322 0.1641216 0.2657994 0.1398372 0.2258519 0.3053832 0.1415499 0.1208161 0.1343402 0.2889816 0.2979783 0.2751508 0.2895369 0.2672149 0.2867526 0.2920433 0.2562337 0.1703265 0.1297378 0.1334459 0.2653497 0.0397370 0.0949216 0.0173635 0.0918367 0.0218319 0.0397049 0.0380365 0.0146871 0.0939072 0.1159748 0.0897861 0.0901913 0.0356075 0.0868271 0.0781969 0.1022964 0.0764368 0.0866051 0.0843618 0.0785408 0.0930288 0.0388931 0.0387360 0.0409898 0.0882617 0.0905605 0.0452326 0.0251211 0.1086218 0.0301502 0.0386586 0.0371892 0.0934797 0.0968685 0.0922676 0.0979054 0.0416715 0.1075670 0.0911401 0.0944202 0.0888035 0.0336441 0.0893186 0.1241506 0.1234714 0.1241333 0.1185424 0.0690119 0.0391177 0.0380130 0.1091475 0.0220248 0.0440961 0.1327873 0.0443456 0.0578792 0.1696559 0.1250579 0.1889584 0.1604058 0.1234308 0.1299569 0.1240440 0.1202908 0.1218004 0.1236789 0.1878514 0.2570120 0.0119584 0.1709593 0.0499069 0.1240810 0.0279159 0.3265428 0.0516540 0.0252160 0.1503642 0.2120590 0.0169671 0.1918699 0.1301726 0.1850690 0.1914436 0.1964735 0.2017499 0.1880729 0.2035409 0.1648740 0.2876413 0.1466852 0.0728211 0.1488642 0.0508303 0.0895780 0.0765222 0.1705707 0.0495582 0.1488506 0.0652325 0.0275685 0.3609872 
Assamiidae_DNA104857     0.0629446 0.0729493 0.1049034 0.0707194 0.0682351 0.0629753 0.0592149 0.0610444 0.0597929 0.0500629 0.0449356 0.0687122 0.1211584 0.0476971 0.0498793 0.0604598 0.0554900 0.0000000 0.0242823 0.0335138 0.0816856 0.1083280 0.0586323 0.0759824 0.0643260 0.1927040 0.1956875 0.1708305 0.0693072 0.0693623 0.2530342 0.1847335 0.1969887 0.1924149 0.1557141 0.1777663 0.1789706 0.1616695 6.8982907 0.1538494 0.1540212 2.0905040 0.1471593 0.1386319 0.1460483 0.1465048 0.1374576 0.1431757 0.1262806 0.1407817 0.1177000 0.1770461 0.1671546 0.0982992 0.1261827 0.0830162 0.0929652 0.0886434 0.0823426 0.1057125 0.1771970 0.1832997 0.1695017 0.1711271 0.2338226 0.1844823 0.1750060 0.2501790 0.1730942 0.1836136 0.1922692 0.1649559 0.1206386 0.1823227 1.0936824 0.1785867 0.1824755 0.1694874 0.1915829 0.3033832 0.2749348 0.2349998 0.2116970 0.2060000 0.1737483 0.2038314 0.1860693 0.1446705 0.1844025 0.1533069 0.1899650 0.1767576 0.1884217 0.2252696 0.2579619 0.2077354 0.2052444 0.1555699 0.0312991 0.0351915 0.0165316 0.0315558 0.0104849 0.0252040 0.0264773 0.0114597 0.0255154 0.0326309 0.0248329 0.0233129 0.0239138 0.0234463 0.0124743 0.0305607 0.0116566 0.0139539 0.0120654 0.0119953 0.0285900 0.0289427 0.0294602 0.0263877 0.0122696 0.0265381 0.0288414 0.0093917 0.0148692 0.0120266 0.0318158 0.0309837 0.0394267 0.0355850 0.0271135 0.0290764 0.0324235 0.0311216 0.0395900 0.0360333 0.0346413 0.0284592 0.0356684 0.0427661 0.0334014 0.0344813 0.0378814 0.0606483 0.0284475 0.0284982 0.0333546 0.0140484 0.0347813 0.0461556 0.0162067 0.0334572 0.0679029 0.0426685 0.0568455 0.0613144 0.0454273 0.0564943 0.0224120 0.0183631 0.0164182 0.0190710 0.0537209 0.0400050 0.0078966 0.0403876 0.0382734 0.0282938 0.0120834 0.0326978 0.0432041 0.0034668 0.0317087 0.0106749 0.0121171 0.0500095 0.0142607 0.0783960 0.0690246 0.0787236 0.0768453 0.0743269 0.0781237 0.0763111 0.0635090 0.0298513 0.0539375 0.0403965 0.0401391 0.0601900 0.0623727 0.0154472 0.0450175 0.0537598 0.0568937 0.0065958 0.3413954 
Paktongius               0.0919826 0.0498008 0.1500714 0.0963326 0.0931869 0.0940075 0.0939796 0.0943873 0.0938274 0.1111520 0.0461825 0.0957652 0.0867548 0.0938526 0.0448450 0.0861837 0.0769759 0.0242823 0.0000000 0.0176718 0.0563159 0.0662926 0.1026949 0.1558350 0.1452486 0.2206892 0.0975286 0.2104157 0.0942834 0.0970543 0.2816460 0.2638585 0.2365344 0.0806408 0.2324775 0.1675773 0.1788732 0.1704828 8.7500366 0.1850547 0.1212903 2.2961872 0.1502882 0.0722814 0.2443745 0.0825714 0.1371114 0.1389777 0.0724297 0.2457499 0.3479009 0.1285074 0.1420498 0.1237814 0.0993061 0.1027038 0.1065829 0.1092566 0.0807802 0.0574029 0.1814469 0.1464052 0.0991635 0.2261772 0.2110135 0.4984747 0.2875954 0.1001222 0.0875096 0.2677413 0.3242314 0.1595498 0.5495070 0.1527490 0.2187173 0.1701929 0.3242393 0.3347282 0.1702991 0.3333288 0.1316377 0.1972156 0.2917305 0.1084808 0.0892704 0.1215235 0.2657324 0.2633762 0.2817652 0.2624314 0.2296532 0.2590642 0.2734629 0.2184011 0.1348758 0.1248265 0.1208340 0.2303495 0.0231831 0.0777349 0.0165245 0.0733797 0.0138944 0.0112037 0.0163954 0.0114549 0.0726203 0.1125214 0.0687460 0.0723185 0.0147288 0.0734225 0.0755364 0.0773463 0.0725215 0.0789581 0.0766817 0.0786975 0.0834138 0.0174649 0.0177838 0.0174851 0.0792617 0.0733776 0.0179739 0.0200920 0.0964210 0.0213466 0.0229805 0.0241860 0.0713410 0.0757893 0.0757410 0.0787182 0.0263872 0.0877846 0.0758381 0.0737064 0.0693852 0.0170517 0.0697035 0.1030500 0.1021248 0.0966154 0.0928534 0.0406424 0.0225946 0.0216265 0.0900956 0.0195290 0.0220768 0.1082974 0.0406509 0.0478617 0.1344125 0.1014065 0.1415051 0.1430349 0.1207698 0.1083288 0.1197834 0.1119845 0.1104200 0.1091253 0.1526688 0.2781414 0.0078966 0.1282470 0.0107922 0.1166666 0.0172825 0.3248038 0.0141441 0.0094757 0.1250871 0.1805920 0.0121171 0.1641981 0.1153295 0.1869759 0.1827533 0.1881841 0.1848301 0.1845827 0.1741192 0.1487055 0.2816945 0.1547147 0.0518065 0.1349646 0.0304762 0.0814211 0.0594972 0.1640697 0.0177104 0.1317686 0.0354116 0.0191648 9.0000000 
