151
Agoristenidae_DNA105839 0.0000000 0.2896812 0.2801813 0.2466673 0.3133757 0.2261652 0.2256278 0.2204773 0.2536688 0.2403182 0.3070887 0.2350922 0.2145514 0.1671601 0.1914624 0.2698022 0.3012603 0.2714990 0.1648564 0.2119495 0.4460675 0.2479943 0.2092008 0.2162436 0.1734512 0.2348615 0.1662888 0.1899120 0.2060820 0.1801875 0.1815420 0.2649175 0.2565990 0.2624234 0.2932046 0.2648671 0.3148853 0.2478164 0.2385338 0.2710389 0.2984940 0.3459697 0.2597239 0.2527000 0.1789832 0.1845191 0.2570334 0.2796063 0.2542100 0.2408376 0.2487047 0.2475225 0.1990523 0.1790114 0.2211206 0.1817805 0.3107219 0.2726767 0.3459437 0.3484488 0.3308526 0.3350666 0.3249104 0.3789933 0.3810792 0.3656578 0.4035875 0.3464666 0.4153039 0.3367601 0.2514765 0.2175485 0.2066423 0.2797848 0.2488316 0.1888755 0.2364759 0.2954287 0.2414359 0.2232858 0.2333077 0.2415469 0.2622627 0.2857514 0.2634953 0.2344592 0.2959298 0.3117032 0.2813264 0.2566675 0.2692186 0.3864712 0.2293274 0.1584336 0.1461631 0.2459309 0.2639782 0.2297297 0.2661808 0.1955444 0.2024709 0.2859866 0.3508969 0.2474140 0.2231953 0.2370871 0.3770147 0.3408039 0.2916360 0.3533067 0.2011687 0.2561399 0.2314386 0.2492158 0.2468427 0.3522693 0.3181164 0.2583816 0.4179893 0.3755032 0.3310030 0.3731817 0.3886591 0.3751958 0.2878302 0.2911389 0.3347815 0.2862179 0.2988367 0.3661558 0.3410525 0.3665553 0.3457844 0.3498557 0.3134420 0.3035296 0.3196703 0.3640016 0.3238452 0.2734814 0.4227090 0.2754342 0.4072085 0.4079932 0.3131872 0.4540259 0.4170227 0.4473681 0.4564931 0.4593050 0.5294891 
Assamiidae_DNA104857    0.2896812 0.0000000 0.0482246 0.0706277 0.0595935 0.1004683 0.1038877 0.1020252 0.1226331 0.2185771 0.1272752 0.1562249 0.1388041 0.1026534 0.1496456 0.1631551 0.2294229 0.2047393 0.1237996 0.1719581 0.3259083 0.1553279 0.2240246 0.2298748 0.2107331 0.2600401 0.2211031 0.2163176 0.2176337 0.2250001 0.1809080 0.2505769 0.2262839 0.2380167 0.2162051 0.1850539 0.2451430 0.2092536 0.2248624 0.2515962 0.2736291 0.3530261 0.2139931 0.2077543 0.1948053 0.2101801 0.2007684 0.2135797 0.1992946 0.2121200 0.2857298 0.2666104 0.1947262 0.1684023 0.2284314 0.2077124 0.2934099 0.2035093 0.3321826 0.2375812 0.2531266 0.2305265 0.2664243 0.2521811 0.2699262 0.2628275 0.2830392 0.2698422 0.2713581 0.2970494 0.2009392 0.1879094 0.1458188 0.1887998 0.2892567 0.2024021 0.3533644 0.3522261 0.3573589 0.2254278 0.2137034 0.2941339 0.2874697 0.2225905 0.2074019 0.2329717 0.2057403 0.2201608 0.2028357 0.1701235 0.2135554 0.2589612 0.2705549 0.2414687 0.2337982 0.2925786 0.2426901 0.2511008 0.2446120 0.2322538 0.2404071 0.3054788 0.2560838 0.2516322 0.3308527 0.1942230 0.3220923 0.2782488 0.3846876 0.3241527 0.3200708 0.3468702 0.2513174 0.1872237 0.1945897 0.2576797 0.2933997 0.2908419 0.3085781 0.3094761 0.2752404 0.2459236 0.2140578 0.3443277 0.3192035 0.3110401 0.2141573 0.3463741 0.2627115 0.3511089 0.3518140 0.2688248 0.3481028 0.3762825 0.3633222 0.2797864 0.3610328 0.2812221 0.3931633 0.3531016 0.3403331 0.3246139 0.4227568 0.2919305 0.2841249 0.3644718 0.3655913 0.5649504 0.4028395 0.3959792 0.4983456 
As109_Thai              0.2801813 0.0482246 0.0000000 0.0509592 0.0547456 0.0679382 0.0700261 0.0688821 0.0924638 0.2346337 0.1452207 0.1779119 0.1602983 0.1026534 0.1729885 0.1889534 0.2716894 0.2095360 0.1098219 0.2270517 0.3934806 0.2050233 0.2543542 0.2732921 0.2524461 0.2583875 0.2619463 0.2364083 0.2026740 0.2080878 0.2006213 0.1884803 0.2388090 0.2104325 0.2316441 0.1785983 0.2690727 0.2110426 0.2417334 0.2544695 0.3064990 0.3556009 0.2555125 0.2485794 0.1936739 0.2089475 0.2323706 0.2457717 0.2446798 0.1910873 0.3170902 0.2775891 0.2284341 0.1821318 0.2207458 0.2326929 0.2977874 0.2283572 0.3473192 0.2774828 0.2813311 0.2800560 0.2933850 0.2915297 0.3107926 0.2711650 0.3097296 0.3452069 0.2796495 0.3027964 0.2624271 0.1782539 0.1980248 0.2723724 0.3358648 0.2566811 0.3564619 0.3553097 0.3523019 0.2298493 0.2051976 0.3677405 0.3533169 0.2709107 0.2506564 0.3107925 0.2410896 0.3192253 0.2599667 0.1947224 0.2556773 0.2804002 0.2969554 0.2942625 0.2854595 0.2869136 0.3172199 0.1993134 0.2776635 0.2132554 0.2205853 0.3544492 0.2934563 0.2921131 0.3273415 0.2435427 0.3018670 0.2905646 0.4850502 0.4317702 0.3149226 0.3373515 0.2937496 0.1716798 0.1902899 0.2819071 0.4006469 0.3562241 0.2986302 0.2782386 0.2665410 0.2536763 0.2480105 0.3598245 0.3939995 0.3843696 0.2691389 0.3550768 0.3283243 0.3848539 0.3763445 0.3198278 0.4383020 0.4236522 0.3786351 0.3520444 0.3574455 0.2596960 0.4438999 0.3500188 0.4029022 0.4146010 0.3075222 0.3110688 0.3091665 0.4052568 0.3885433 0.6252162 0.4029307 0.3795119 0.5170636 
As120_Thai              0.2466673 0.0706277 0.0509592 0.0000000 0.0688910 0.0678800 0.0655576 0.0688237 0.0996828 0.2585405 0.1552972 0.1836742 0.1594803 0.0887863 0.1720332 0.1691210 0.2365483 0.1865268 0.1029541 0.2030972 0.3351250 0.2088702 0.2055162 0.2453278 0.2412851 0.2594233 0.2491318 0.2106585 0.2535399 0.2367297 0.1667759 0.1945371 0.2115957 0.2049905 0.2214214 0.1824071 0.2577303 0.2020153 0.2465167 0.2411256 0.2822563 0.3538266 0.2438172 0.2453091 0.1861594 0.2147909 0.2304968 0.2506676 0.2280706 0.2203022 0.2256968 0.2683920 0.1716198 0.1335043 0.1910198 0.2197037 0.2441081 0.2285410 0.3328320 0.2776307 0.2658994 0.2369545 0.2597686 0.2854418 0.3009405 0.2567408 0.2927901 0.3193582 0.3025940 0.2794520 0.2534026 0.1488711 0.1717804 0.2512071 0.3248519 0.2777146 0.3694434 0.3474432 0.3253294 0.2380124 0.2495021 0.2683386 0.3135001 0.2299131 0.1912913 0.2603692 0.2251596 0.3256251 0.2732551 0.2234051 0.2816781 0.2750875 0.2617542 0.2581658 0.2423814 0.2892185 0.2906988 0.2058794 0.2604043 0.2015515 0.2084847 0.3450374 0.3111988 0.2954063 0.3247530 0.2519975 0.2886902 0.2653246 0.3987130 0.3987392 0.3403030 0.3125031 0.2570596 0.1680782 0.1391374 0.2178812 0.3361724 0.3095417 0.3519863 0.3494725 0.2913521 0.2770307 0.2406211 0.3224804 0.3838112 0.3743707 0.2573131 0.3493538 0.3267418 0.3696480 0.3706451 0.3054363 0.4383675 0.4315801 0.3735908 0.3722827 0.3319953 0.2608048 0.4644246 0.3263133 0.4267164 0.4224050 0.3523813 0.3373401 0.3047179 0.3825051 0.3844523 0.4929282 0.4265835 0.4148821 0.6060594 
As125_Thai              0.3133757 0.0595935 0.0547456 0.0688910 0.0000000 0.0778615 0.0803306 0.0789804 0.0854008 0.2240750 0.1146130 0.1727925 0.1554625 0.0884707 0.1675281 0.1950755 0.2606043 0.2082089 0.1051163 0.2175108 0.3670604 0.1786656 0.2176983 0.2295050 0.2187539 0.2263551 0.2497203 0.2181424 0.2259425 0.2259121 0.1643535 0.1982965 0.2215051 0.2148799 0.2197648 0.1888084 0.2485757 0.2126386 0.2285752 0.2477126 0.2406717 0.2943411 0.2346254 0.2281029 0.1856408 0.2068775 0.2349603 0.2321699 0.2468606 0.1942912 0.2430525 0.2663412 0.1901893 0.1706987 0.2102203 0.2274001 0.2755996 0.2108633 0.3251707 0.2329195 0.2583314 0.2418601 0.2791801 0.2861121 0.2850331 0.2905463 0.2992212 0.3319444 0.2710213 0.2711607 0.2639898 0.1791269 0.1671017 0.2172752 0.2953517 0.2161712 0.3464598 0.3453549 0.3503329 0.2149415 0.2239684 0.2898496 0.2885840 0.2086955 0.1884655 0.3003096 0.2541658 0.3314618 0.2372796 0.2079083 0.2465021 0.2964383 0.3085159 0.3081703 0.2992429 0.3286405 0.2439129 0.2671642 0.2993008 0.2512882 0.2602975 0.3502076 0.3139158 0.2555671 0.2830955 0.2424430 0.2784652 0.2588726 0.3795776 0.3541539 0.2861896 0.3413438 0.2566037 0.1703573 0.1338464 0.2520507 0.3659536 0.3509342 0.3202729 0.2661136 0.3060058 0.2649683 0.2525481 0.3515279 0.4112306 0.4014497 0.2700980 0.3093700 0.2709722 0.3543804 0.3677357 0.3232373 0.3883448 0.4085292 0.3578254 0.3146249 0.3243389 0.1926038 0.3939849 0.3028281 0.3616313 0.3882975 0.2900678 0.2856636 0.2615789 0.4425132 0.4090995 0.4918368 0.3536354 0.4069899 0.5820090 
Assamiidae_DNA104859    0.2261652 0.1004683 0.0679382 0.0678800 0.0778615 0.0000000 0.0000010 0.0031494 0.1095777 0.2680924 0.1674217 0.1814627 0.1587937 0.1123292 0.1712882 0.1869901 0.2751606 0.2206467 0.1396081 0.2232547 0.3966260 0.2075323 0.1922346 0.2162191 0.2019300 0.2064004 0.2358133 0.2084612 0.2214016 0.2135805 0.1740533 0.2342485 0.2617683 0.2471288 0.2227535 0.1674812 0.2635106 0.2022445 0.2445793 0.2512672 0.2708089 0.3579381 0.2373138 0.2307200 0.1969071 0.2197992 0.2331474 0.2578956 0.2570284 0.2181067 0.2588995 0.2527856 0.1793093 0.1493900 0.1924917 0.2031960 0.2729330 0.2358081 0.2835637 0.2291988 0.2632591 0.2322005 0.2289585 0.2880416 0.3067402 0.2520530 0.3033217 0.3208310 0.3135447 0.2508888 0.2552359 0.2022892 0.2107425 0.2958851 0.3090326 0.2519927 0.3841103 0.3586512 0.3556324 0.2515056 0.2359273 0.3400430 0.3324488 0.2075876 0.1909669 0.2993861 0.2383802 0.3152270 0.2705075 0.2108090 0.2794463 0.2928326 0.2814297 0.2997638 0.2909425 0.3149109 0.3098517 0.2176718 0.2824446 0.2111861 0.2185952 0.3856797 0.2771459 0.2488442 0.2840709 0.2463121 0.2587959 0.2489600 0.4167401 0.3912826 0.3315968 0.3374162 0.2738934 0.1581599 0.1817900 0.2739360 0.3919782 0.3874537 0.2789336 0.2700137 0.2755929 0.2400954 0.2575893 0.3278918 0.3788886 0.3693971 0.2930236 0.3501087 0.3311858 0.3327038 0.3462623 0.3544612 0.4358027 0.4208107 0.4184006 0.3609343 0.2967365 0.2540393 0.3540695 0.3379591 0.4987809 0.3946553 0.3646056 0.3033380 0.2522484 0.3858474 0.3950517 0.5077359 0.3754583 0.3996153 0.6150315 
As110_Laos              0.2256278 0.1038877 0.0700261 0.0655576 0.0803306 0.0000010 0.0000000 0.0032308 0.1032220 0.2805440 0.1738123 0.1887275 0.1655586 0.1159415 0.1788903 0.1946841 0.2792698 0.2300477 0.1293343 0.2333660 0.4065834 0.1980799 0.1994766 0.2164869 0.2088981 0.2063755 0.2468903 0.2179945 0.2305251 0.2216226 0.1729978 0.2332412 0.2574819 0.2575448 0.2244603 0.1673890 0.2598517 0.1881022 0.2467578 0.2352507 0.2542760 0.3412682 0.2291444 0.2291444 0.1889884 0.2121308 0.2256793 0.2507091 0.2483103 0.2208469 0.2556835 0.2456543 0.1771395 0.1466035 0.1835054 0.1944912 0.2662080 0.2463622 0.2888760 0.2389662 0.2753680 0.2424400 0.2389264 0.2938088 0.3132316 0.2619164 0.3095362 0.3280270 0.3203234 0.2603557 0.2671661 0.1941582 0.2177107 0.2952543 0.3145392 0.2646057 0.3875862 0.3430245 0.3398511 0.2515402 0.2464254 0.3248075 0.3171980 0.2088497 0.1986691 0.3135375 0.2406198 0.3223198 0.2639051 0.2130089 0.2772793 0.2898983 0.2711451 0.2843369 0.2755144 0.3087791 0.3244761 0.2161918 0.2788049 0.2036619 0.2109660 0.3955300 0.2709278 0.2419358 0.2634737 0.2263014 0.2708763 0.2475190 0.4099964 0.4092667 0.3336959 0.3364903 0.2669859 0.1641984 0.1734129 0.2662534 0.4007573 0.3957137 0.2755113 0.2749250 0.2793552 0.2424179 0.2606014 0.3206413 0.3717583 0.3621639 0.3064708 0.3349350 0.3288184 0.3288259 0.3527434 0.3539014 0.4367583 0.4213188 0.4188388 0.3695015 0.2939328 0.2568342 0.3566648 0.3360826 0.5060050 0.3984172 0.3551597 0.3019436 0.2493584 0.3852828 0.4038316 0.4918127 0.3941963 0.4197973 0.6139180 
As121_Laos              0.2204773 0.1020252 0.0688821 0.0688237 0.0789804 0.0031494 0.0032308 0.0000000 0.1112788 0.2798190 0.1753236 0.1763893 0.1534065 0.1138984 0.1656832 0.1811073 0.2689339 0.2145667 0.1411580 0.2168004 0.3897957 0.2014537 0.1857960 0.2102829 0.1960172 0.2005497 0.2299306 0.2027067 0.2099837 0.2014221 0.1610317 0.2371361 0.2557990 0.2411320 0.2323881 0.1626292 0.2583322 0.1970790 0.2390470 0.2453401 0.2646611 0.3515781 0.2318048 0.2252036 0.2009231 0.2243445 0.2379771 0.2633202 0.2625512 0.2124413 0.2642232 0.2470844 0.1812437 0.1509452 0.1943860 0.1975757 0.2673041 0.2301901 0.2779684 0.2336409 0.2687198 0.2368526 0.2334907 0.2941479 0.3131682 0.2570973 0.3095490 0.3276492 0.3201125 0.2489576 0.2493950 0.2044192 0.2133216 0.3031155 0.3027722 0.2457538 0.3780538 0.3445051 0.3413875 0.2457636 0.2465198 0.3264726 0.3266714 0.2012569 0.1784828 0.2859952 0.2331006 0.3092141 0.2650098 0.2146987 0.2849457 0.2983896 0.2692770 0.2939794 0.2851723 0.3092151 0.3040312 0.2204152 0.2765066 0.2153935 0.2230777 0.3936961 0.2880134 0.2595185 0.2711405 0.2342549 0.2642439 0.2467710 0.4105792 0.3761057 0.3254388 0.3229835 0.2857700 0.1533116 0.1852526 0.2793313 0.3858056 0.3815200 0.2734959 0.2817354 0.2812637 0.2447301 0.2627302 0.3344957 0.3870450 0.3773329 0.2915890 0.3443267 0.3443396 0.3459845 0.3599091 0.3406288 0.4297374 0.4147384 0.4122952 0.3552682 0.2915318 0.2486943 0.3481634 0.3322898 0.5100474 0.3886046 0.3587694 0.3092359 0.2569865 0.3795969 0.4017459 0.5167898 0.3694115 0.3993538 0.6299072 
As132_Mala              0.2536688 0.1226331 0.0924638 0.0996828 0.0854008 0.1095777 0.1032220 0.1112788 0.0000000 0.2959715 0.1759047 0.2041956 0.1960551 0.0890524 0.2108247 0.2358555 0.2727958 0.2213173 0.1454979 0.2628961 0.3852757 0.1839340 0.2781260 0.2672313 0.2549952 0.2759027 0.2756849 0.2626070 0.2302721 0.2265705 0.1585061 0.1999524 0.2130962 0.2383202 0.2597264 0.2121377 0.2704636 0.2024437 0.2839534 0.2624573 0.2725245 0.3469561 0.2712726 0.2729667 0.1582021 0.1747956 0.2006116 0.2133286 0.2039814 0.2030753 0.2338630 0.2713879 0.1896073 0.1479937 0.1705696 0.2244657 0.2720303 0.2675282 0.3342084 0.2780011 0.2729953 0.3000394 0.2915623 0.2901420 0.3065590 0.3052857 0.2907887 0.2892936 0.3108856 0.3308097 0.2461714 0.1590140 0.2024977 0.2737001 0.2956512 0.2589376 0.3811894 0.3564132 0.3466795 0.2703874 0.2515532 0.2810241 0.3232854 0.2520896 0.2602852 0.3346464 0.2772476 0.3657102 0.2657717 0.2109194 0.2440727 0.2957436 0.2689936 0.2838140 0.2750010 0.3098959 0.2615907 0.2144982 0.2709202 0.2606403 0.2704826 0.3366900 0.3486295 0.2960772 0.3579755 0.2794435 0.2927538 0.2770139 0.3784191 0.3564426 0.3484407 0.3605094 0.2776188 0.2236392 0.1517046 0.2571374 0.3498245 0.3453394 0.3295106 0.3271267 0.2788287 0.2563908 0.2711362 0.3569224 0.3599377 0.3509759 0.3304704 0.2644977 0.2967582 0.3761979 0.3543440 0.4174266 0.3974513 0.4232250 0.3761639 0.3683358 0.3078681 0.2417276 0.5285534 0.3361589 0.4474739 0.3800456 0.3202476 0.3127312 0.3034025 0.4687098 0.3703427 0.5019823 0.3479434 0.3587452 0.5940937 
As108_Laos              0.2403182 0.2185771 0.2346337 0.2585405 0.2240750 0.2680924 0.2805440 0.2798190 0.2959715 0.0000000 0.1051738 0.1627000 0.1492866 0.1381529 0.1229684 0.1602820 0.2214265 0.1981607 0.1423193 0.1645395 0.3113189 0.2197054 0.1934480 0.2046801 0.1964568 0.2070488 0.1318179 0.1794910 0.1906765 0.1811384 0.1789504 0.1574785 0.1895463 0.2082549 0.1832578 0.2071116 0.2640191 0.2411425 0.2035322 0.2761338 0.3080811 0.2514680 0.2018691 0.1959908 0.2189914 0.2097139 0.2154984 0.2199498 0.2159118 0.2261923 0.2134238 0.2804968 0.2220692 0.1915415 0.2688003 0.2457470 0.3193553 0.2585414 0.3880542 0.3685864 0.3382732 0.3956263 0.3497788 0.4052870 0.4311831 0.3526538 0.3809963 0.3696144 0.3448416 0.3428854 0.2324765 0.1367761 0.1701328 0.1875373 0.2538387 0.1589954 0.2609606 0.3354682 0.2782053 0.1702193 0.2280288 0.2510355 0.2443980 0.2250630 0.2079929 0.2277094 0.2224708 0.2214225 0.3079529 0.2507610 0.3228549 0.2778664 0.2448619 0.1944078 0.1936249 0.2293116 0.2101610 0.3209282 0.3208307 0.2457053 0.2545855 0.2735296 0.2744746 0.2391910 0.2548367 0.2471688 0.2843793 0.2896161 0.3398581 0.3348079 0.1673989 0.2459251 0.2532575 0.1890342 0.2254848 0.2712535 0.3590349 0.2455803 0.2636872 0.2680300 0.2228581 0.2527706 0.2918426 0.3692154 0.3734334 0.3780598 0.3062371 0.2529302 0.2078402 0.3203167 0.3135158 0.3042279 0.2780242 0.2814796 0.2413695 0.2745664 0.3331017 0.2274100 0.2628491 0.2911549 0.3259297 0.3362586 0.4059004 0.3811455 0.3744992 0.4054186 0.3720499 0.5946444 0.4089483 0.4577649 0.5141395 
As114_Thai              0.3070887 0.1272752 0.1452207 0.1552972 0.1146130 0.1674217 0.1738123 0.1753236 0.1759047 0.1051738 0.0000000 0.1731477 0.1604245 0.1304820 0.1506209 0.1877824 0.2572940 0.2067863 0.1392356 0.2076592 0.3599045 0.1648214 0.2282745 0.2240879 0.2104650 0.2163324 0.2019069 0.1704098 0.2545011 0.2579059 0.2415405 0.2320678 0.2005543 0.2140920 0.1981322 0.1846401 0.2510179 0.1969501 0.2283821 0.2313672 0.2925091 0.3017783 0.2320866 0.2257743 0.2390887 0.2504327 0.2721047 0.2687220 0.2648820 0.2377969 0.3034372 0.3087858 0.2068890 0.1879435 0.2233830 0.2533733 0.2564007 0.2255626 0.2991719 0.2545736 0.2306536 0.3037293 0.3180067 0.3201103 0.3261621 0.2871867 0.2782746 0.3180006 0.3084498 0.2851864 0.2228855 0.2137881 0.2124543 0.2655956 0.3219134 0.2352582 0.2720781 0.3000366 0.3110766 0.2649484 0.2257209 0.2633318 0.2613566 0.2139993 0.2016154 0.2437164 0.2449078 0.2295580 0.2647449 0.2435061 0.2521654 0.2343876 0.3029945 0.2844345 0.2764775 0.2567867 0.2248661 0.2857116 0.2640119 0.2433689 0.2517155 0.2688561 0.3030325 0.2250428 0.2869376 0.2627758 0.2750085 0.3059912 0.2736804 0.2720964 0.2233299 0.3096681 0.2935530 0.2579244 0.1860642 0.2311058 0.2934394 0.2337042 0.2644305 0.2240353 0.2631963 0.2231457 0.2557583 0.3072616 0.3348937 0.3388159 0.2246297 0.2299334 0.2710143 0.3255809 0.3224034 0.2904266 0.3662629 0.3295874 0.3321614 0.3035055 0.2642275 0.2003577 0.3188925 0.2874695 0.3889065 0.3642934 0.3781345 0.2854760 0.2709207 0.3792328 0.3316126 0.4546433 0.3796309 0.4239945 0.4795744 
Chilon                  0.2350922 0.1562249 0.1779119 0.1836742 0.1727925 0.1814627 0.1887275 0.1763893 0.2041956 0.1627000 0.1731477 0.0000000 0.0000010 0.0251802 0.0178479 0.0346393 0.0744770 0.0573500 0.0901238 0.0801578 0.1358027 0.1198919 0.1381156 0.1224722 0.1024672 0.1550495 0.1150830 0.1228590 0.1559392 0.1529194 0.1647678 0.1639517 0.1165819 0.1326196 0.1910348 0.1630535 0.2264099 0.1699514 0.1684771 0.1931876 0.2050783 0.2341088 0.1498236 0.1446389 0.2014378 0.2023189 0.1880727 0.1858269 0.1801704 0.1701219 0.2383494 0.2171077 0.1813488 0.1521154 0.2166909 0.2111893 0.2572821 0.1816161 0.2443454 0.2658814 0.2804998 0.2905522 0.2397973 0.3059019 0.3279356 0.2674379 0.3218875 0.2811227 0.2818243 0.2501104 0.1642106 0.2190852 0.2213084 0.2039265 0.2368637 0.1947863 0.2525869 0.2624714 0.2589851 0.1582306 0.2212598 0.2385910 0.2298519 0.1637883 0.1691790 0.1586844 0.1465872 0.2129711 0.1960343 0.1428403 0.2041031 0.2002200 0.1963246 0.1824108 0.1763330 0.2234014 0.1785831 0.2321219 0.2420825 0.2067622 0.2072538 0.2277447 0.2880105 0.2016159 0.2281515 0.1848644 0.2354695 0.2193289 0.2862192 0.2473751 0.2258239 0.2117463 0.1820209 0.1910700 0.2241277 0.2242152 0.2222355 0.2543606 0.2642619 0.2584846 0.2142199 0.2420909 0.2037442 0.3089423 0.2765169 0.2795624 0.2228001 0.3116047 0.2303510 0.2782167 0.2494714 0.2762469 0.3221281 0.2578439 0.2946806 0.3033350 0.2631255 0.2361749 0.2790158 0.2427604 0.3026738 0.2913257 0.3508561 0.3194758 0.3075092 0.2495384 0.2856929 0.4056259 0.3392688 0.3412146 0.3511063 
As034_Cam               0.2145514 0.1388041 0.1602983 0.1594803 0.1554625 0.1587937 0.1655586 0.1534065 0.1960551 0.1492866 0.1604245 0.0000010 0.0000000 0.0251802 0.0179047 0.0347576 0.0704681 0.0575579 0.0901238 0.0804709 0.1363729 0.1203901 0.1387754 0.1246358 0.1028831 0.1557350 0.1054577 0.1233629 0.1554343 0.1341097 0.1551818 0.1533068 0.1007350 0.1249464 0.1705690 0.1392996 0.2075820 0.1731635 0.1718117 0.1877524 0.1994988 0.2072304 0.1516805 0.1458898 0.1912295 0.1873351 0.1793202 0.1772023 0.1708951 0.1492431 0.2383494 0.1938078 0.1707719 0.1425716 0.2059241 0.2028747 0.2166253 0.1492953 0.2023161 0.2180472 0.2403004 0.2591922 0.1984194 0.2869299 0.2942317 0.2342557 0.2811640 0.2468973 0.2522886 0.2267605 0.1534660 0.2190852 0.2225999 0.2049337 0.2392871 0.1904602 0.1931871 0.2217926 0.2177282 0.1225175 0.1718647 0.2468699 0.2498122 0.1540076 0.1699933 0.1376461 0.1205880 0.1964298 0.1910429 0.1350802 0.1918823 0.1926812 0.1937469 0.1910273 0.1840664 0.2205776 0.1825919 0.2181676 0.2148995 0.1681297 0.1666481 0.2046708 0.2189381 0.1708730 0.1916751 0.1709075 0.2366007 0.2075171 0.2445259 0.2354180 0.1825798 0.1751068 0.1515336 0.1480827 0.2353042 0.1825909 0.1983175 0.2392058 0.2572783 0.2336180 0.2153781 0.2578730 0.1910482 0.3009491 0.2846565 0.2867232 0.1896960 0.2849925 0.2169326 0.2723070 0.2497522 0.2357892 0.3007939 0.2257915 0.2471985 0.2712056 0.1939418 0.2236939 0.2515058 0.2048680 0.2881611 0.2529386 0.3662238 0.3022059 0.2974051 0.1962788 0.2530588 0.4140296 0.2942826 0.3104897 0.3345143 
As027_Gab               0.1671601 0.1026534 0.1026534 0.0887863 0.0884707 0.1123292 0.1159415 0.1138984 0.0890524 0.1381529 0.1304820 0.0251802 0.0251802 0.0000000 0.0125796 0.0251802 0.0634680 0.0723087 0.0760694 0.0586783 0.0634680 0.0661344 0.1337662 0.1328116 0.0951483 0.1583533 0.1001706 0.1050212 0.1063076 0.0939260 0.1004857 0.1210518 0.1304962 0.0938540 0.1619762 0.1341441 0.2292214 0.1588478 0.2002617 0.1834052 0.2260739 0.1923894 0.1489897 0.1489897 0.1667528 0.1628976 0.1675699 0.1542781 0.1657659 0.1697832 0.2232363 0.2446369 0.2045649 0.1600085 0.1813012 0.1924348 0.1687027 0.1256880 0.1931988 0.1690813 0.1901553 0.2225047 0.1608866 0.2105025 0.2337424 0.2107142 0.2519326 0.2251483 0.2655545 0.1870473 0.1958436 0.2004232 0.2216395 0.1931913 0.2350908 0.2064422 0.2109073 0.2108294 0.2266556 0.0999520 0.1388692 0.2338679 0.2698203 0.1381762 0.1661277 0.1842183 0.1535452 0.2590138 0.1642174 0.1425570 0.2488551 0.2071173 0.1924102 0.2107937 0.1974613 0.1905528 0.1643846 0.2286042 0.1744994 0.1826551 0.1909665 0.2095553 0.1866113 0.1575162 0.2387741 0.2250569 0.2067332 0.1636946 0.2375110 0.2313920 0.2245232 0.2042470 0.1726871 0.1346655 0.1258726 0.1363165 0.1549834 0.1675369 0.1837044 0.2098415 0.2105752 0.1890893 0.1425010 0.2325249 0.2093230 0.2117354 0.1973766 0.2084915 0.2006296 0.3096927 0.2866396 0.3191952 0.2906484 0.1847249 0.2676511 0.2512424 0.1881904 0.1561358 0.2506087 0.2167565 0.3385134 0.2177074 0.3887074 0.2559248 0.2631494 0.2514273 0.2849105 0.4242226 0.2133102 0.2738021 0.3043440 
As085_Cam               0.1914624 0.1496456 0.1729885 0.1720332 0.1675281 0.1712882 0.1788903 0.1656832 0.2108247 0.1229684 0.1506209 0.0178479 0.0179047 0.0125796 0.0000000 0.0392169 0.0764768 0.0677955 0.0760694 0.0809565 0.1453317 0.1162327 0.1399516 0.1262051 0.1035694 0.1447125 0.0828729 0.1131859 0.1367982 0.1167356 0.1338703 0.1664968 0.1083350 0.1341756 0.1511988 0.1211322 0.1931079 0.1493959 0.1608277 0.1626906 0.1920820 0.1749935 0.1247288 0.1192994 0.1821486 0.1795360 0.1716823 0.1696686 0.1625807 0.1423644 0.2212719 0.1861040 0.1707211 0.1339685 0.2058471 0.1917114 0.1961368 0.1390412 0.1858000 0.2069578 0.2274173 0.2460795 0.1872211 0.2731952 0.2841865 0.2233906 0.2699481 0.2355727 0.2410382 0.2155977 0.1619083 0.2004232 0.1885449 0.1767994 0.2024710 0.1780017 0.1914081 0.2387735 0.2081138 0.1157168 0.1601665 0.2239733 0.2283040 0.1441972 0.1579422 0.1180587 0.1086783 0.1709865 0.1772625 0.1562882 0.1964544 0.1869375 0.1792619 0.1612965 0.1548601 0.1858733 0.1811986 0.2498714 0.1986240 0.1601327 0.1650789 0.1857203 0.1943157 0.1481744 0.1707669 0.1475185 0.2388149 0.2411943 0.2482016 0.2316511 0.1742545 0.1450586 0.1408014 0.1533998 0.2129625 0.1853392 0.2089416 0.2117139 0.2573981 0.2436817 0.2084939 0.2621327 0.2202220 0.2900640 0.2673505 0.2692391 0.1992913 0.2668269 0.1958638 0.2558628 0.2349127 0.2393571 0.2972724 0.2325479 0.2610762 0.2533318 0.1944878 0.2098433 0.2342067 0.1983883 0.2711793 0.2358127 0.3273930 0.2878714 0.2862747 0.2160447 0.2644150 0.4205050 0.2724803 0.3237663 0.3376573 
As084_Cam               0.2698022 0.1631551 0.1889534 0.1691210 0.1950755 0.1869901 0.1946841 0.1811073 0.2358555 0.1602820 0.1877824 0.0346393 0.0347576 0.0251802 0.0392169 0.0000000 0.0731349 0.0792821 0.0892581 0.1026269 0.0977524 0.1391634 0.1170420 0.1404930 0.1253884 0.1596123 0.1311777 0.1468191 0.2026634 0.1758759 0.1490582 0.1539890 0.1385176 0.1725537 0.1872873 0.1733837 0.2355511 0.2177316 0.2123905 0.2160307 0.2369679 0.2382896 0.1645482 0.1645482 0.2515504 0.2472665 0.2550853 0.2517594 0.2393418 0.1996975 0.2071298 0.2383680 0.1715262 0.1431409 0.2474211 0.2515549 0.2550019 0.1991493 0.2653828 0.2848406 0.3111542 0.2937264 0.2532040 0.3139709 0.3492277 0.2752299 0.3305441 0.2909099 0.3152158 0.2784875 0.1794976 0.1849087 0.2093223 0.2049004 0.2633709 0.2288795 0.2569836 0.2738730 0.2699921 0.1802107 0.2185982 0.2671816 0.2618175 0.1881703 0.1749410 0.1941309 0.1666184 0.2312811 0.2488919 0.1919175 0.2445515 0.2393748 0.2344050 0.2024742 0.1950067 0.2307658 0.2317884 0.2321219 0.2411625 0.2001651 0.2068237 0.2663188 0.2639045 0.2072962 0.2449330 0.2075613 0.2657254 0.2517329 0.2897854 0.2918672 0.2442106 0.2140741 0.2032766 0.1949176 0.2533437 0.2086425 0.2278010 0.2803599 0.3204376 0.3205527 0.2566501 0.2806580 0.2266277 0.4085945 0.3645600 0.3674728 0.2397084 0.3049607 0.2403259 0.3109879 0.2838197 0.2824889 0.3474159 0.2630399 0.3047544 0.3330076 0.2091279 0.2691644 0.2833083 0.2582527 0.3232149 0.3176865 0.4514254 0.3986236 0.3979990 0.2597414 0.2856229 0.5114514 0.3795652 0.4421878 0.3750055 
As056_Gab               0.3012603 0.2294229 0.2716894 0.2365483 0.2606043 0.2751606 0.2792698 0.2689339 0.2727958 0.2214265 0.2572940 0.0744770 0.0704681 0.0634680 0.0764768 0.0731349 0.0000000 0.0182500 0.1251725 0.0970778 0.0706085 0.1274597 0.1242172 0.1379865 0.1248275 0.1907979 0.1588802 0.1417079 0.1959002 0.1795793 0.1678433 0.1648417 0.1306476 0.1646107 0.2680264 0.2149589 0.3031782 0.2455283 0.2731049 0.2526645 0.2829773 0.2383292 0.2019656 0.2032016 0.2601752 0.2687599 0.2306604 0.2278185 0.2061383 0.2127333 0.2417856 0.2509502 0.1873423 0.1666277 0.2531205 0.2456575 0.3183130 0.2096200 0.3164377 0.3533509 0.3446930 0.3161258 0.3174458 0.3475574 0.4010099 0.3211955 0.3801505 0.3398685 0.3457532 0.3534777 0.2804744 0.2383908 0.2437051 0.2560942 0.2828983 0.2862894 0.3541090 0.3361608 0.3398871 0.2214065 0.3188549 0.3171811 0.2762153 0.1971340 0.1914690 0.2119191 0.2257514 0.3526639 0.3477856 0.2632102 0.3164896 0.3257417 0.2610987 0.2292721 0.2147572 0.2913282 0.2105168 0.2450790 0.2462046 0.2608648 0.2698150 0.2832010 0.3081598 0.3058963 0.2439257 0.2502089 0.3569311 0.3051913 0.2860220 0.2820172 0.3038288 0.2489636 0.1932816 0.2401904 0.3006014 0.2118281 0.2442161 0.3330080 0.3520980 0.3659054 0.2650181 0.3291616 0.2992664 0.4159170 0.3925609 0.3956388 0.3090560 0.3247874 0.2932576 0.3580693 0.3281228 0.3316733 0.4355207 0.2914955 0.3579683 0.3261325 0.2574652 0.3678654 0.3465298 0.3189863 0.2965865 0.3376292 0.4160123 0.4474618 0.4472437 0.2569107 0.2904456 0.4349621 0.4240563 0.4453096 0.5850117 
As082_Cam               0.2714990 0.2047393 0.2095360 0.1865268 0.2082089 0.2206467 0.2300477 0.2145667 0.2213173 0.1981607 0.2067863 0.0573500 0.0575579 0.0723087 0.0677955 0.0792821 0.0182500 0.0000000 0.1441632 0.1043002 0.0720244 0.1460834 0.1330556 0.1241879 0.1198747 0.1751058 0.1320789 0.1147094 0.1915109 0.1658859 0.1993773 0.1704919 0.1219648 0.1463363 0.2544473 0.2006095 0.2893680 0.2317710 0.2507966 0.2504224 0.2804659 0.2311554 0.2058582 0.2058582 0.2506132 0.2464613 0.2163649 0.2136874 0.2031517 0.2001431 0.2621998 0.2381706 0.1953075 0.1643239 0.2616231 0.2363814 0.2693406 0.1716719 0.2766698 0.2993471 0.2993471 0.2743180 0.2648547 0.3273994 0.3508336 0.2789002 0.3326753 0.2969234 0.2751241 0.3001806 0.2543613 0.2615814 0.2753344 0.2716028 0.2290543 0.2602034 0.2910540 0.2851544 0.2875169 0.1840942 0.2430256 0.2701109 0.2571614 0.1680142 0.1794722 0.2006225 0.2042639 0.3158126 0.3130104 0.2179717 0.2906512 0.2777422 0.2562980 0.2264676 0.2113831 0.2908436 0.1966874 0.2555125 0.2277144 0.2284733 0.2363095 0.2729889 0.2917189 0.2895092 0.2022515 0.2146150 0.3064506 0.2880685 0.2678334 0.2450122 0.2377653 0.1993624 0.1780612 0.2060032 0.2508525 0.1943606 0.2369583 0.3250011 0.3441045 0.2991521 0.2486168 0.3210333 0.2736039 0.3963389 0.3871188 0.3902609 0.2693998 0.3211530 0.2687773 0.3630751 0.3613092 0.2740568 0.4382706 0.2848888 0.3523605 0.3102045 0.2315666 0.3220081 0.2863151 0.2706753 0.3156238 0.3209692 0.3520156 0.3923921 0.3917339 0.2268075 0.2549665 0.4019164 0.4068799 0.4022167 0.5045335 
As032_Gab               0.1648564 0.1237996 0.1098219 0.1029541 0.1051163 0.1396081 0.1293343 0.1411580 0.1454979 0.1423193 0.1392356 0.0901238 0.0901238 0.0760694 0.0760694 0.0892581 0.1251725 0.1441632 0.0000000 0.0087579 0.1109110 0.1403981 0.1585203 0.1585203 0.1084119 0.1446822 0.1150250 0.1303197 0.1080194 0.0900831 0.1014060 0.1710626 0.1870591 0.1251494 0.1406186 0.1310433 0.2135865 0.1478785 0.1497382 0.1360495 0.2102285 0.1382561 0.1013796 0.1013796 0.1773417 0.1773417 0.1850215 0.1646946 0.1820772 0.1783403 0.2590315 0.2443080 0.2375912 0.1656567 0.2005115 0.1809774 0.1467691 0.1054151 0.2824943 0.1714116 0.1617428 0.2159949 0.1939362 0.1997313 0.1972552 0.1696242 0.1776923 0.2194992 0.2565920 0.1920816 0.1763213 0.1863904 0.2223898 0.1977464 0.1662638 0.2080936 0.2581921 0.2579863 0.2762095 0.1205733 0.2457508 0.2015981 0.1978269 0.1873157 0.1873157 0.1892546 0.1577011 0.2283924 0.2016670 0.2105335 0.3177108 0.2412408 0.2157551 0.1863904 0.1910907 0.1660601 0.1920184 0.2770213 0.1921887 0.1606282 0.1704661 0.2111280 0.1732431 0.1485236 0.2247229 0.1956802 0.2662531 0.1774851 0.2632086 0.3440147 0.1405920 0.1936563 0.1795384 0.1641248 0.1431775 0.1722601 0.1664301 0.1692175 0.1872365 0.1821324 0.1621585 0.1718805 0.1348510 0.1649515 0.1669372 0.1694189 0.2407093 0.1424647 0.1840443 0.1684475 0.1497098 0.2065766 0.2871868 0.1936128 0.3234704 0.2417956 0.1758957 0.1775360 0.2477240 0.2274783 0.2270343 0.1936006 0.1885108 0.2129148 0.2129148 0.2980682 0.3004624 0.3748168 0.2308557 0.2714568 0.3777535 
As039_Gab               0.2119495 0.1719581 0.2270517 0.2030972 0.2175108 0.2232547 0.2333660 0.2168004 0.2628961 0.1645395 0.2076592 0.0801578 0.0804709 0.0586783 0.0809565 0.1026269 0.0970778 0.1043002 0.0087579 0.0000000 0.1433527 0.0974015 0.1084795 0.1039578 0.0873003 0.1131373 0.0946748 0.0912572 0.1261396 0.1049870 0.1364000 0.2022494 0.1536643 0.1449775 0.2162141 0.2041487 0.2455902 0.1979706 0.2011083 0.1987450 0.2296540 0.2057571 0.1510995 0.1510995 0.1931560 0.1901140 0.2179449 0.2005231 0.1897818 0.1829454 0.2194215 0.2277625 0.1953542 0.1634259 0.2323161 0.2012756 0.2466706 0.1486915 0.2711316 0.2778577 0.2876185 0.2413421 0.2374605 0.2630241 0.2783611 0.2309540 0.2797006 0.2539696 0.2656908 0.2797238 0.2294474 0.2283086 0.2587205 0.2572770 0.2464793 0.2433174 0.3170700 0.3422896 0.3387770 0.1752679 0.2319839 0.2508837 0.1971539 0.1704397 0.1742209 0.1831746 0.1789395 0.2217792 0.2692807 0.2053574 0.2859233 0.2621968 0.2682814 0.1806688 0.1825189 0.2120268 0.1887541 0.3003606 0.2260607 0.2250397 0.2328261 0.2292105 0.2519296 0.2379281 0.2424099 0.1976887 0.2919509 0.2498866 0.2770109 0.2932482 0.1632643 0.2190595 0.1956615 0.1801932 0.2290127 0.2110888 0.2488586 0.2565936 0.2989387 0.2681027 0.2148942 0.2641764 0.2060881 0.3398239 0.3406841 0.3433370 0.2395385 0.2284333 0.1834760 0.2921939 0.2830090 0.2179556 0.3286829 0.2793774 0.2701565 0.2390918 0.2385206 0.2988044 0.3085182 0.2475925 0.2799060 0.2542970 0.3584374 0.3701022 0.3692427 0.2454626 0.2824310 0.4401870 0.3383099 0.3361828 0.4908148 
As021_Gab               0.4460675 0.3259083 0.3934806 0.3351250 0.3670604 0.3966260 0.4065834 0.3897957 0.3852757 0.3113189 0.3599045 0.1358027 0.1363729 0.0634680 0.1453317 0.0977524 0.0706085 0.0720244 0.1109110 0.1433527 0.0000000 0.2194610 0.1291789 0.2064151 0.1900906 0.3016334 0.2179935 0.2228377 0.2840898 0.2507170 0.2038146 0.1405605 0.2052458 0.2600851 0.4039302 0.3436387 0.4393602 0.3989159 0.4323795 0.4009414 0.3983069 0.3745679 0.3188919 0.3211393 0.3936552 0.3948857 0.3701013 0.3650718 0.3230928 0.3461739 0.2150148 0.3961204 0.2097404 0.1760823 0.3305527 0.3705415 0.4797990 0.2988787 0.4750580 0.4714560 0.4645023 0.4445270 0.4571718 0.5016898 0.5721561 0.4689084 0.5405232 0.5013153 0.5057665 0.4642980 0.3925744 0.2383908 0.2905631 0.3282638 0.3943174 0.4214695 0.4177279 0.4168495 0.4226721 0.3011181 0.4047493 0.3575051 0.3411058 0.2938564 0.2051367 0.3209666 0.3215420 0.4777556 0.4655048 0.3846526 0.4745851 0.4599030 0.3568276 0.3148057 0.2968405 0.3779578 0.2779931 0.2790024 0.3381866 0.4225866 0.4394158 0.3830147 0.4286369 0.4365770 0.3604604 0.3540309 0.4525206 0.3277316 0.4477882 0.3991875 0.3906417 0.3295655 0.2723947 0.3317450 0.4240661 0.2816524 0.3193953 0.3985873 0.4673019 0.5158932 0.3816690 0.4650933 0.4028051 0.5088772 0.5727219 0.5780726 0.3632097 0.4417294 0.3715156 0.4701497 0.4722453 0.4085044 0.5212331 0.3700497 0.4540076 0.4512759 0.3403922 0.4652853 0.4416694 0.4380417 0.4150393 0.4342677 0.5629459 0.5937917 0.5945690 0.3077745 0.4161924 0.5591543 0.5336088 0.5856858 0.7311319 
As072_Lib               0.2479943 0.1553279 0.2050233 0.2088702 0.1786656 0.2075323 0.1980799 0.2014537 0.1839340 0.2197054 0.1648214 0.1198919 0.1203901 0.0661344 0.1162327 0.1391634 0.1274597 0.1460834 0.1403981 0.0974015 0.2194610 0.0000000 0.1419815 0.1185319 0.1188730 0.1458473 0.1257166 0.1390788 0.1840444 0.1596235 0.1619220 0.1703105 0.1404061 0.1812609 0.2637094 0.2148384 0.2466405 0.1656612 0.2152716 0.1900794 0.2222300 0.2333601 0.1666698 0.1666698 0.1879502 0.1973350 0.2136628 0.1971840 0.1964130 0.1936503 0.2335908 0.2206563 0.1741713 0.1567727 0.2016281 0.2089710 0.2212457 0.1724409 0.2386883 0.2539112 0.2621412 0.2258736 0.2151085 0.2224762 0.2390234 0.2126220 0.2617011 0.2024327 0.2558097 0.2295563 0.2081765 0.1692079 0.2198316 0.2249331 0.2924970 0.2480887 0.2883873 0.2677728 0.2718470 0.1995368 0.2291881 0.2311236 0.1816949 0.2090984 0.2196145 0.2282024 0.2370517 0.2276204 0.2010670 0.2116097 0.2644980 0.2416931 0.2484889 0.1671710 0.1604578 0.1765119 0.1734804 0.1857647 0.1716381 0.1702293 0.1755936 0.2478273 0.2686198 0.2446590 0.2248786 0.2104959 0.2988754 0.2476882 0.2447409 0.2677448 0.2413135 0.2399990 0.1659745 0.1849353 0.1817549 0.2330765 0.2493930 0.2440444 0.2398324 0.2056501 0.2472453 0.2152758 0.2111192 0.3205156 0.2983724 0.3004928 0.2048871 0.2051824 0.1941572 0.2923877 0.2794570 0.2997090 0.3126373 0.2626372 0.2547303 0.2056843 0.2222160 0.2986272 0.2977096 0.2484376 0.3480034 0.2586690 0.3540861 0.3007533 0.3026297 0.2243869 0.3367295 0.3992901 0.3959777 0.3835531 0.4436558 
As028_Gab               0.2092008 0.2240246 0.2543542 0.2055162 0.2176983 0.1922346 0.1994766 0.1857960 0.2781260 0.1934480 0.2282745 0.1381156 0.1387754 0.1337662 0.1399516 0.1170420 0.1242172 0.1330556 0.1585203 0.1084795 0.1291789 0.1419815 0.0000000 0.0038522 0.0611172 0.0961703 0.1005810 0.1381981 0.2033735 0.1822647 0.2053555 0.2257837 0.1923206 0.2003765 0.2377628 0.2399230 0.2017076 0.2220722 0.2168146 0.2492755 0.2331887 0.2829367 0.2085259 0.2085259 0.2184389 0.2211078 0.3094923 0.3049759 0.3034510 0.2243889 0.1869051 0.2193214 0.1862902 0.1678013 0.2454317 0.2335397 0.2889235 0.2119770 0.3329018 0.3528364 0.3433404 0.3118914 0.3041538 0.3077355 0.3048673 0.2489786 0.3372364 0.3092654 0.3299234 0.3020104 0.3003924 0.2078279 0.3162445 0.3310357 0.3887122 0.2866941 0.3638541 0.3447861 0.3574946 0.2324583 0.2492754 0.3208599 0.2978949 0.1948355 0.2055410 0.2533712 0.2713557 0.3439358 0.2916668 0.2990979 0.3506270 0.3621626 0.2408241 0.2441197 0.2427866 0.3361323 0.2428738 0.3156334 0.2439089 0.2741426 0.2705757 0.2824137 0.2983282 0.2697133 0.2393860 0.2446210 0.3091529 0.3339160 0.3377259 0.2985064 0.2623164 0.2480515 0.2583653 0.1842103 0.2311313 0.1671252 0.3197982 0.2958067 0.2970227 0.3044644 0.2489313 0.2000549 0.2084142 0.3277887 0.3339289 0.3367627 0.2664958 0.2914526 0.2220221 0.3705981 0.3685202 0.3078331 0.3607347 0.3281406 0.2979325 0.2357633 0.2110833 0.2834612 0.2429372 0.2464620 0.3579863 0.3167932 0.3082779 0.4297544 0.3894670 0.3081089 0.3616728 0.4125384 0.3283290 0.4461635 0.5941214 
As045_Cam               0.2162436 0.2298748 0.2732921 0.2453278 0.2295050 0.2162191 0.2164869 0.2102829 0.2672313 0.2046801 0.2240879 0.1224722 0.1246358 0.1328116 0.1262051 0.1404930 0.1379865 0.1241879 0.1585203 0.1039578 0.2064151 0.1185319 0.0038522 0.0000000 0.0633695 0.0990565 0.1073610 0.1407005 0.1892444 0.1631702 0.2127606 0.2243415 0.1625236 0.1920509 0.2488928 0.2440021 0.2155287 0.1995544 0.2294871 0.2344516 0.2212215 0.2967788 0.1946565 0.1958795 0.2092259 0.2071215 0.2838366 0.2802147 0.2646635 0.2383914 0.1869051 0.2132125 0.1842154 0.1668624 0.2539010 0.2160204 0.2904936 0.2340776 0.3401008 0.3715648 0.3556052 0.3289467 0.3390240 0.3306685 0.3465270 0.2820813 0.3649632 0.3224011 0.3398603 0.3409584 0.2843007 0.2078279 0.3139543 0.3042101 0.3759482 0.2583573 0.3537490 0.3306069 0.3413486 0.2286316 0.2549053 0.2894395 0.2560935 0.1760339 0.2022423 0.2474988 0.2356013 0.3249124 0.2642379 0.2623297 0.2978534 0.3269925 0.2372775 0.2201428 0.2191275 0.3148478 0.2327147 0.3132953 0.2391097 0.2458224 0.2424702 0.2785743 0.2950444 0.2658847 0.2255218 0.1949256 0.3028238 0.3224743 0.3192176 0.3073021 0.2517369 0.2397846 0.2244291 0.2216252 0.2218688 0.1796953 0.2939078 0.2604033 0.2729551 0.2795131 0.2187218 0.1925841 0.2052029 0.3026805 0.3079050 0.3101368 0.2777470 0.2536905 0.2054456 0.3280186 0.3368901 0.2774378 0.3790123 0.3420341 0.3011879 0.2489435 0.2251891 0.2820973 0.2580991 0.2725565 0.3350230 0.3249361 0.3238377 0.4309647 0.3994614 0.2849742 0.3814291 0.4525491 0.3853205 0.4669808 0.5473376 
As070_Lib               0.1734512 0.2107331 0.2524461 0.2412851 0.2187539 0.2019300 0.2088981 0.1960172 0.2549952 0.1964568 0.2104650 0.1024672 0.1028831 0.0951483 0.1035694 0.1253884 0.1248275 0.1198747 0.1084119 0.0873003 0.1900906 0.1188730 0.0611172 0.0633695 0.0000000 0.0443708 0.1021402 0.1379205 0.1957892 0.1676592 0.1887122 0.2047284 0.1472782 0.1813677 0.2573697 0.2204041 0.2143587 0.2035336 0.2154823 0.2277145 0.2052978 0.2316867 0.2009528 0.2009528 0.2091406 0.2117094 0.2728839 0.2692826 0.2560665 0.2251652 0.2239585 0.2347145 0.2140447 0.1939291 0.2573735 0.2088340 0.2467549 0.2001995 0.2651809 0.2635136 0.2729506 0.2429092 0.2643329 0.2922067 0.2924377 0.2345339 0.2939462 0.2396748 0.2706707 0.2633784 0.2847450 0.1727820 0.2929559 0.2809308 0.3015531 0.2541301 0.3401222 0.3068115 0.3061968 0.2256421 0.2423238 0.2745544 0.2428178 0.1848966 0.1987629 0.2106685 0.2313628 0.3000719 0.2778423 0.2434772 0.3033520 0.3210039 0.2424363 0.2110086 0.2029436 0.3167054 0.2815142 0.3356527 0.2399265 0.2370901 0.2307000 0.2563561 0.2823196 0.2409013 0.2151760 0.1988561 0.2854397 0.2646183 0.2788824 0.2604860 0.2191605 0.2204789 0.1996545 0.2008060 0.2632837 0.2057890 0.3063837 0.2877038 0.2878327 0.2842013 0.2687034 0.2561932 0.2435796 0.3342723 0.3157254 0.3180993 0.2436460 0.2717641 0.2197288 0.2984369 0.3075540 0.2233351 0.3657086 0.3268982 0.2847825 0.2445280 0.2442037 0.2654648 0.2639951 0.2850936 0.3322234 0.2800794 0.3451908 0.4449364 0.3949621 0.3084865 0.3478438 0.4193831 0.4092995 0.3954857 0.5870020 
As083_Cam               0.2348615 0.2600401 0.2583875 0.2594233 0.2263551 0.2064004 0.2063755 0.2005497 0.2759027 0.2070488 0.2163324 0.1550495 0.1557350 0.1583533 0.1447125 0.1596123 0.1907979 0.1751058 0.1446822 0.1131373 0.3016334 0.1458473 0.0961703 0.0990565 0.0443708 0.0000000 0.1643084 0.1256526 0.2035610 0.2068695 0.2106731 0.2114829 0.1777809 0.2412444 0.2369936 0.2103389 0.1978146 0.2003596 0.1925870 0.2041002 0.1782492 0.2180678 0.1861998 0.1873935 0.2348616 0.2439269 0.3167921 0.3213905 0.2933653 0.2585370 0.2480944 0.2377932 0.2166403 0.2068327 0.2549819 0.2127071 0.2566360 0.2146835 0.2719821 0.2450296 0.2442538 0.2328059 0.2378613 0.2453701 0.2556085 0.2269512 0.3044147 0.2448460 0.2329688 0.2523892 0.2923413 0.1624695 0.2803575 0.2583561 0.2916255 0.2917016 0.3239869 0.3170251 0.2827765 0.3015859 0.2341473 0.2966625 0.2806802 0.2097925 0.2219897 0.2514870 0.2482346 0.3218095 0.3480606 0.2901171 0.3296309 0.3578162 0.2410755 0.2006381 0.2027563 0.3162856 0.3412547 0.3505115 0.2974280 0.2278860 0.2220335 0.2858571 0.2888275 0.2351933 0.2041414 0.1946132 0.2499937 0.2493903 0.2954763 0.3095925 0.2006012 0.3014539 0.2730772 0.2251355 0.2859850 0.2153293 0.4008691 0.2895595 0.2987976 0.2329896 0.3409342 0.3134379 0.3040251 0.3896780 0.3711995 0.3740986 0.3364776 0.2428113 0.2236468 0.3286032 0.3061056 0.2190481 0.3454763 0.3227364 0.3096677 0.2635977 0.2427446 0.2610591 0.2921757 0.3127655 0.3923483 0.3510386 0.3148365 0.4231567 0.3856658 0.3292248 0.3368261 0.4393889 0.4520189 0.5105668 0.5717918 
