151
Agoristenidae_DNA105839 0.0000000 0.2956262 0.2859242 0.2518555 0.3200376 0.2299414 0.2294099 0.2241551 0.2581944 0.2438716 0.3128600 0.2386875 0.2176517 0.1694274 0.1941440 0.2740455 0.3066500 0.2763229 0.1668204 0.2151908 0.4558421 0.2522141 0.2120917 0.2193096 0.1759673 0.2391540 0.1680949 0.1925648 0.2086047 0.1821955 0.1838649 0.2696928 0.2608847 0.2665973 0.2984354 0.2691789 0.3204662 0.2522582 0.2421915 0.2756008 0.3041835 0.3521823 0.2643062 0.2571480 0.1816166 0.1870882 0.2610351 0.2839719 0.2579562 0.2446323 0.2520954 0.2508560 0.2017380 0.1811069 0.2242182 0.1842531 0.3172394 0.2785678 0.3529409 0.3561965 0.3380024 0.3429961 0.3323154 0.3876607 0.3894977 0.3736687 0.4123133 0.3540940 0.4250418 0.3442567 0.2559795 0.2211454 0.2095187 0.2846683 0.2522272 0.1913180 0.2404668 0.3007644 0.2453346 0.2271018 0.2375894 0.2448420 0.2658380 0.2901794 0.2671563 0.2379211 0.3009602 0.3176287 0.2861963 0.2608632 0.2732692 0.3936347 0.2321091 0.1604463 0.1479868 0.2499303 0.2692757 0.2332354 0.2712687 0.1988916 0.2060191 0.2907055 0.3571348 0.2510712 0.2264399 0.2413111 0.3841638 0.3471349 0.2962558 0.3596718 0.2040804 0.2608476 0.2350318 0.2544088 0.2510095 0.3592077 0.3240718 0.2622375 0.4265218 0.3834509 0.3368885 0.3801422 0.3965940 0.3826202 0.2923022 0.2956918 0.3411775 0.2907053 0.3035552 0.3732775 0.3468763 0.3734610 0.3515068 0.3555691 0.3184535 0.3083346 0.3247913 0.3711502 0.3291915 0.2778845 0.4306227 0.2794563 0.4154315 0.4160984 0.3182380 0.4642697 0.4249200 0.4561464 0.4655969 0.4685880 0.5416234 
Assamiidae_DNA104857    0.2956262 0.0000000 0.0484493 0.0710619 0.0598604 0.1012240 0.1046943 0.1028413 0.1236470 0.2217638 0.1283580 0.1579587 0.1401341 0.1032996 0.1512772 0.1649284 0.2328919 0.2078817 0.1249902 0.1746154 0.3318326 0.1573873 0.2278481 0.2337157 0.2142566 0.2645227 0.2245969 0.2196793 0.2205901 0.2283485 0.1829698 0.2546026 0.2295161 0.2414602 0.2188046 0.1871064 0.2483193 0.2121198 0.2281139 0.2552635 0.2778993 0.3591993 0.2169957 0.2106467 0.1971606 0.2129860 0.2031656 0.2161555 0.2015432 0.2149870 0.2893875 0.2703344 0.1968821 0.1700301 0.2313552 0.2107508 0.2986582 0.2067097 0.3377342 0.2407918 0.2570031 0.2338305 0.2708094 0.2561105 0.2741417 0.2672407 0.2876591 0.2740875 0.2757240 0.3020842 0.2040639 0.1894330 0.1468671 0.1905197 0.2933965 0.2052897 0.3598918 0.3586238 0.3639689 0.2293253 0.2170017 0.2987004 0.2921574 0.2252597 0.2097773 0.2360794 0.2080972 0.2231134 0.2050288 0.1715852 0.2158010 0.2621297 0.2744803 0.2451952 0.2373741 0.2976178 0.2467522 0.2550874 0.2484261 0.2359935 0.2443570 0.3101297 0.2593140 0.2553359 0.3372948 0.1964416 0.3272517 0.2823996 0.3915444 0.3297841 0.3259590 0.3538982 0.2553720 0.1900336 0.1975263 0.2613972 0.2979033 0.2952318 0.3130240 0.3148825 0.2799168 0.2494937 0.2168494 0.3497095 0.3238422 0.3154635 0.2170271 0.3525083 0.2664748 0.3575737 0.3578683 0.2729129 0.3536249 0.3826970 0.3699301 0.2832879 0.3671290 0.2855858 0.4004204 0.3596563 0.3455852 0.3301294 0.4313672 0.2964577 0.2883473 0.3720139 0.3719733 0.5781400 0.4102978 0.4035429 0.5087962 
As109_Thai              0.2859242 0.0484493 0.0000000 0.0511584 0.0549690 0.0682610 0.0703692 0.0692360 0.0930291 0.2384435 0.1465353 0.1803068 0.1622309 0.1032996 0.1753292 0.1915145 0.2764772 0.2126173 0.1108655 0.2313166 0.4014910 0.2084249 0.2591936 0.2785468 0.2573467 0.2627892 0.2667541 0.2402274 0.2051108 0.2108230 0.2034714 0.1906005 0.2423702 0.2132198 0.2347866 0.1805457 0.2729690 0.2140404 0.2456253 0.2583140 0.3121604 0.3622166 0.2599650 0.2528987 0.1959721 0.2116920 0.2353443 0.2489462 0.2478606 0.1934098 0.3217678 0.2818398 0.2314037 0.1838494 0.2233331 0.2365084 0.3029552 0.2320634 0.3536256 0.2819614 0.2864130 0.2848971 0.2984143 0.2969629 0.3165591 0.2757485 0.3151529 0.3518402 0.2841841 0.3078719 0.2675235 0.1797665 0.2004850 0.2765774 0.3417192 0.2614158 0.3631981 0.3619150 0.3589638 0.2336797 0.2082660 0.3744205 0.3599349 0.2751445 0.2543145 0.3162669 0.2444825 0.3254148 0.2637341 0.1967344 0.2590160 0.2840941 0.3017144 0.2997426 0.2907485 0.2914021 0.3232500 0.2020249 0.2822961 0.2164482 0.2239600 0.3606363 0.2980931 0.2970738 0.3335673 0.2473125 0.3063935 0.2951563 0.4955085 0.4406597 0.3207207 0.3440008 0.2991462 0.1739453 0.1929948 0.2860716 0.4087905 0.3625384 0.3033606 0.2825889 0.2710367 0.2573951 0.2517333 0.3654578 0.4010712 0.3911519 0.2736236 0.3611594 0.3341743 0.3924715 0.3833653 0.3254130 0.4468664 0.4317348 0.3857972 0.3578704 0.3633243 0.2635671 0.4529162 0.3562285 0.4102718 0.4230336 0.3125457 0.3159133 0.3139927 0.4138738 0.3956229 0.6411640 0.4103460 0.3862412 0.5285136 
As120_Thai              0.2518555 0.0710619 0.0511584 0.0000000 0.0692501 0.0681878 0.0658513 0.0691624 0.1003754 0.2630975 0.1569208 0.1861432 0.1613734 0.0891056 0.1743237 0.1711678 0.2404493 0.1892683 0.1036042 0.2066057 0.3415688 0.2121420 0.2086278 0.2497527 0.2458782 0.2645015 0.2532746 0.2139696 0.2573581 0.2401404 0.1686812 0.1966050 0.2149341 0.2078503 0.2242761 0.1843100 0.2612869 0.2048076 0.2503809 0.2445412 0.2872358 0.3602939 0.2478996 0.2494304 0.1881189 0.2173508 0.2331733 0.2536140 0.2307520 0.2231157 0.2279646 0.2722625 0.1732238 0.1343075 0.1928819 0.2230892 0.2478732 0.2323164 0.3385175 0.2818227 0.2702017 0.2406564 0.2636010 0.2903523 0.3059800 0.2606033 0.2973974 0.3250668 0.3077924 0.2836437 0.2580880 0.1500205 0.1738044 0.2552652 0.3307541 0.2833545 0.3768549 0.3543767 0.3317482 0.2423382 0.2539351 0.2724530 0.3190547 0.2332389 0.1934050 0.2647174 0.2282537 0.3318944 0.2771924 0.2260972 0.2859038 0.2785294 0.2657825 0.2628599 0.2467837 0.2939059 0.2960208 0.2085352 0.2651129 0.2047153 0.2118311 0.3507421 0.3161395 0.3004420 0.3314821 0.2562600 0.2928428 0.2691661 0.4064413 0.4064538 0.3471858 0.3188111 0.2614454 0.1703723 0.1405540 0.2203536 0.3426036 0.3146665 0.3582878 0.3562840 0.2966354 0.2814570 0.2442992 0.3273121 0.3907561 0.3810365 0.2612145 0.3554754 0.3325396 0.3768436 0.3774372 0.3109528 0.4471117 0.4399559 0.3805361 0.3786160 0.3370864 0.2646324 0.4741724 0.3318706 0.4349827 0.4307272 0.3588632 0.3425478 0.3090758 0.3906641 0.3912916 0.5030057 0.4345869 0.4225172 0.6208039 
As125_Thai              0.3200376 0.0598604 0.0549690 0.0692501 0.0000000 0.0782856 0.0807820 0.0794432 0.0858241 0.2272936 0.1154668 0.1748971 0.1571289 0.0888059 0.1695567 0.1976120 0.2647500 0.2111633 0.1058927 0.2211649 0.3740255 0.1808746 0.2211135 0.2333046 0.2224083 0.2299328 0.2535442 0.2212118 0.2288456 0.2290452 0.1658642 0.2005841 0.2244668 0.2173781 0.2222912 0.1908006 0.2516718 0.2154247 0.2317465 0.2511807 0.2440451 0.2987575 0.2382024 0.2315597 0.1875626 0.2092725 0.2375377 0.2346653 0.2496181 0.1964976 0.2455365 0.2697383 0.1921010 0.1721682 0.2122973 0.2303665 0.2799149 0.2136467 0.3303602 0.2358744 0.2622326 0.2454732 0.2834831 0.2906953 0.2895178 0.2950988 0.3036341 0.3374596 0.2748510 0.2751567 0.2685702 0.1801746 0.1686181 0.2198664 0.2997654 0.2192738 0.3526121 0.3513803 0.3565652 0.2182693 0.2270295 0.2942112 0.2930531 0.2108771 0.1901198 0.3052525 0.2574708 0.3375047 0.2399029 0.2098935 0.2493635 0.3000164 0.3131512 0.3137749 0.3046516 0.3347622 0.2477665 0.2709762 0.3045339 0.2554682 0.2647112 0.3559953 0.3187910 0.2591988 0.2876364 0.2456573 0.2821185 0.2626867 0.3861764 0.3601628 0.2905594 0.3477104 0.2606823 0.1725436 0.1352073 0.2554799 0.3726536 0.3573503 0.3251219 0.2698922 0.3114483 0.2687533 0.2562425 0.3566156 0.4186015 0.4085082 0.2746841 0.3140606 0.2749786 0.3606352 0.3741714 0.3288105 0.3951863 0.4163063 0.3641881 0.3190948 0.3292125 0.1947547 0.4010361 0.3071888 0.3678885 0.3953292 0.2942251 0.2892716 0.2647785 0.4522797 0.4162528 0.5017780 0.3597108 0.4146057 0.5957436 
Assamiidae_DNA104859    0.2299414 0.1012240 0.0682610 0.0681878 0.0782856 0.0000000 0.0000010 0.0031507 0.1103523 0.2728565 0.1691999 0.1837519 0.1606205 0.1130211 0.1735052 0.1894133 0.2797382 0.2239599 0.1409229 0.2272157 0.4044160 0.2106787 0.1948736 0.2195154 0.2048240 0.2094324 0.2393801 0.2113138 0.2242625 0.2163078 0.1760763 0.2373851 0.2659204 0.2506399 0.2256675 0.1690832 0.2668431 0.2047813 0.2482954 0.2549231 0.2751723 0.3643233 0.2410580 0.2343416 0.1993061 0.2227513 0.2361037 0.2613023 0.2604465 0.2209701 0.2621155 0.2559696 0.1812294 0.1506141 0.1946665 0.2056780 0.2774360 0.2396605 0.2880870 0.2324742 0.2676818 0.2358907 0.2325024 0.2930125 0.3120348 0.2559063 0.3081570 0.3265299 0.3189886 0.2546425 0.2598731 0.2043366 0.2135202 0.3012463 0.3140539 0.2563996 0.3915716 0.3653048 0.3623433 0.2559134 0.2399073 0.3457345 0.3380020 0.2100153 0.1928168 0.3045253 0.2416149 0.3211881 0.2742392 0.2133180 0.2834044 0.2966663 0.2853349 0.3051784 0.2961676 0.3203021 0.3153998 0.2205906 0.2872425 0.2144974 0.2220988 0.3923846 0.2810653 0.2526214 0.2888087 0.2499095 0.2623061 0.2526149 0.4247457 0.3984340 0.3378730 0.3442675 0.2785870 0.1599061 0.1841677 0.2779393 0.3995648 0.3942663 0.2829157 0.2744211 0.2801255 0.2432643 0.2614298 0.3325905 0.3854865 0.3757238 0.2981516 0.3556943 0.3368361 0.3383000 0.3520154 0.3607155 0.4437832 0.4286540 0.4262267 0.3663586 0.3005268 0.2575402 0.3600186 0.3433998 0.5094606 0.4021733 0.3708718 0.3077374 0.2553843 0.3935778 0.4020911 0.5182691 0.3823035 0.4069335 0.6299542 
As110_Laos              0.2294099 0.1046943 0.0703692 0.0658513 0.0807820 0.0000010 0.0000000 0.0032323 0.1039502 0.2856512 0.1757139 0.1911774 0.1675281 0.1166768 0.1812855 0.1972808 0.2840050 0.2335953 0.1305794 0.2376146 0.4147103 0.2010884 0.2022873 0.2198389 0.2119614 0.2094528 0.2507326 0.2210698 0.2335859 0.2245251 0.1750654 0.2364397 0.2616578 0.2612999 0.2274425 0.1690330 0.2631839 0.1904293 0.2506063 0.2386451 0.2583622 0.3473094 0.2327373 0.2327373 0.1912860 0.2149837 0.2285383 0.2540183 0.2515971 0.2238416 0.2589518 0.2487426 0.1790799 0.1478307 0.1855614 0.1968236 0.2706299 0.2504930 0.2936111 0.2424770 0.2801101 0.2463959 0.2427247 0.2990203 0.3187818 0.2660142 0.3146053 0.3340028 0.3260308 0.2643424 0.2721368 0.1961737 0.2206458 0.3006148 0.3197448 0.2693605 0.3951686 0.3493712 0.3462626 0.2559692 0.2506893 0.3301995 0.3224597 0.2113283 0.2006495 0.3190502 0.2439366 0.3285697 0.2675459 0.2156203 0.2813170 0.2937399 0.2749664 0.2894875 0.2804783 0.3140921 0.3304224 0.2191657 0.2836457 0.2068757 0.2143725 0.4025930 0.2747598 0.2456251 0.2676732 0.2293752 0.2746667 0.2511419 0.4178337 0.4169480 0.3400493 0.3432175 0.2715989 0.1660642 0.1756438 0.2701073 0.4086400 0.4028011 0.2795086 0.2795424 0.2840314 0.2456678 0.2645527 0.3251731 0.3781886 0.3683229 0.3119638 0.3402014 0.3345220 0.3343986 0.3587066 0.3600257 0.4448312 0.4292542 0.4267577 0.3752157 0.2977296 0.2604306 0.3626875 0.3415685 0.5169795 0.4060640 0.3613171 0.3064319 0.2525469 0.3931197 0.4111685 0.5017631 0.4015884 0.4277308 0.6288461 
As121_Laos              0.2241551 0.1028413 0.0692360 0.0691624 0.0794432 0.0031507 0.0032323 0.0000000 0.1121173 0.2848504 0.1772326 0.1785971 0.1551508 0.1146075 0.1678085 0.1834353 0.2734053 0.2177765 0.1424988 0.2206458 0.3974337 0.2044959 0.1883282 0.2134787 0.1988121 0.2034828 0.2333984 0.2054651 0.2126879 0.2039836 0.1628827 0.2403415 0.2598492 0.2445428 0.2354864 0.1641643 0.2615773 0.1995347 0.2426691 0.2488957 0.2689179 0.3578274 0.2354549 0.2287306 0.2035003 0.2275031 0.2411443 0.2669628 0.2662102 0.2152142 0.2675598 0.2501758 0.1832013 0.1521924 0.1965991 0.1999716 0.2717106 0.2339460 0.2823934 0.2371217 0.2733995 0.2407659 0.2372506 0.2994008 0.3187553 0.2611832 0.3146635 0.3336556 0.3258544 0.2528441 0.2539315 0.2065053 0.2161596 0.3088100 0.3076793 0.2500517 0.3853822 0.3508841 0.3478299 0.2500745 0.2507330 0.3319091 0.3321112 0.2035833 0.1801909 0.2909172 0.2362490 0.3150686 0.2686472 0.2173765 0.2891459 0.3024621 0.2729946 0.2992917 0.2902963 0.3145004 0.3094752 0.2233994 0.2812022 0.2189111 0.2268008 0.4007657 0.2921643 0.2635200 0.2756738 0.2376734 0.2679946 0.2505721 0.4184272 0.3829257 0.3316039 0.3295909 0.2907274 0.1549871 0.1877928 0.2835737 0.3932556 0.3881896 0.2773821 0.2863983 0.2860582 0.2481028 0.2668030 0.3394796 0.3940016 0.3840087 0.2968770 0.3497878 0.3503141 0.3519046 0.3660073 0.3466091 0.4375334 0.4224154 0.4199573 0.3605604 0.2952256 0.2521055 0.3539896 0.3376131 0.5212566 0.3959812 0.3649032 0.3138954 0.2603252 0.3871981 0.4090222 0.5277221 0.3761236 0.4068463 0.6455039 
As132_Mala              0.2581944 0.1236470 0.0930291 0.1003754 0.0858241 0.1103523 0.1039502 0.1121173 0.0000000 0.3012397 0.1778082 0.2068015 0.1984192 0.0893431 0.2136620 0.2391947 0.2771575 0.2246086 0.1465209 0.2675786 0.3929289 0.1863196 0.2833950 0.2720336 0.2595326 0.2807689 0.2801911 0.2667288 0.2332667 0.2293520 0.1602314 0.2026037 0.2160652 0.2419334 0.2631912 0.2144573 0.2742569 0.2050780 0.2882735 0.2663119 0.2768581 0.3527310 0.2758317 0.2775691 0.1599277 0.1767612 0.2029899 0.2158817 0.2063985 0.2057220 0.2367908 0.2752629 0.1920733 0.1494034 0.1721572 0.2277157 0.2763337 0.2718309 0.3397888 0.2818207 0.2772550 0.3054802 0.2963650 0.2951474 0.3117519 0.3104384 0.2954225 0.2943858 0.3163841 0.3365859 0.2498821 0.1605030 0.2051292 0.2781955 0.3005947 0.2633958 0.3889030 0.3630516 0.3533613 0.2752019 0.2557108 0.2852775 0.3285356 0.2552959 0.2636767 0.3401076 0.2812166 0.3729415 0.2693939 0.2131665 0.2472467 0.3000496 0.2729550 0.2890745 0.2800730 0.3154700 0.2656665 0.2172275 0.2748736 0.2654911 0.2756068 0.3418383 0.3543072 0.3002945 0.3647871 0.2838499 0.2972441 0.2815651 0.3848063 0.3619240 0.3547284 0.3676105 0.2824116 0.2270518 0.1532696 0.2606502 0.3557747 0.3512576 0.3343707 0.3325015 0.2826968 0.2596032 0.2750928 0.3625063 0.3657286 0.3565089 0.3368979 0.2683184 0.3011183 0.3835545 0.3606339 0.4257264 0.4050141 0.4316191 0.3833636 0.3746203 0.3125612 0.2447534 0.5403672 0.3415647 0.4563900 0.3873330 0.3257653 0.3177223 0.3082539 0.4797704 0.3761663 0.5124067 0.3534647 0.3648233 0.6083701 
As108_Laos              0.2438716 0.2217638 0.2384435 0.2630975 0.2272936 0.2728565 0.2856512 0.2848504 0.3012397 0.0000000 0.1059536 0.1641961 0.1505962 0.1393472 0.1238792 0.1617960 0.2240969 0.2005575 0.1437744 0.1661008 0.3164043 0.2223611 0.1958226 0.2070560 0.1990892 0.2098241 0.1328405 0.1815878 0.1926810 0.1832422 0.1809133 0.1592357 0.1916518 0.2107086 0.1856069 0.2100579 0.2678290 0.2445693 0.2055974 0.2796256 0.3129849 0.2548431 0.2040851 0.1981144 0.2219243 0.2124039 0.2180789 0.2225273 0.2184074 0.2291228 0.2156137 0.2845581 0.2246989 0.1933813 0.2724951 0.2489395 0.3246694 0.2623424 0.3953845 0.3758347 0.3447332 0.4035579 0.3563463 0.4132133 0.4398895 0.3588289 0.3879717 0.3766076 0.3508196 0.3490661 0.2362322 0.1378298 0.1720349 0.1896137 0.2572199 0.1606270 0.2651414 0.3412634 0.2824437 0.1721074 0.2314746 0.2545029 0.2472160 0.2282838 0.2109765 0.2303425 0.2250659 0.2243434 0.3122671 0.2538956 0.3274832 0.2813450 0.2476884 0.1965631 0.1957361 0.2325967 0.2129398 0.3271058 0.3268773 0.2497906 0.2589038 0.2772519 0.2783180 0.2423487 0.2586497 0.2507311 0.2884998 0.2943093 0.3452779 0.3404617 0.1692651 0.2500895 0.2568676 0.1916547 0.2286114 0.2750142 0.3659053 0.2488920 0.2681032 0.2725459 0.2260592 0.2567188 0.2965396 0.3759578 0.3797390 0.3844975 0.3108339 0.2563536 0.2104328 0.3253834 0.3177195 0.3090756 0.2817967 0.2852127 0.2444570 0.2778988 0.3384065 0.2302516 0.2662879 0.2953180 0.3304887 0.3418627 0.4140154 0.3878987 0.3813575 0.4134173 0.3782796 0.6090401 0.4162237 0.4671338 0.5253213 
As114_Thai              0.3128600 0.1283580 0.1465353 0.1569208 0.1154668 0.1691999 0.1757139 0.1772326 0.1778082 0.1059536 0.0000000 0.1747878 0.1618816 0.1312895 0.1520446 0.1896908 0.2609820 0.2093737 0.1405329 0.2104941 0.3662901 0.1661498 0.2315789 0.2270104 0.2134099 0.2191248 0.2044072 0.1721334 0.2580558 0.2618715 0.2452051 0.2350843 0.2027766 0.2166121 0.2005805 0.1866827 0.2542741 0.1991532 0.2310634 0.2342310 0.2968023 0.3061568 0.2352498 0.2288264 0.2423520 0.2539194 0.2756692 0.2721807 0.2682496 0.2408635 0.3073414 0.3132802 0.2090508 0.1896432 0.2258093 0.2570467 0.2602358 0.2282735 0.3038117 0.2581310 0.2336318 0.3088614 0.3233560 0.3252596 0.3315935 0.2912102 0.2820789 0.3230584 0.3132597 0.2893620 0.2256578 0.2153374 0.2148862 0.2690586 0.3265127 0.2384700 0.2760490 0.3041348 0.3154556 0.2691063 0.2285517 0.2662162 0.2640700 0.2161640 0.2036517 0.2466992 0.2477447 0.2322384 0.2680353 0.2463077 0.2553467 0.2363913 0.3067928 0.2881851 0.2800695 0.2602588 0.2274974 0.2899896 0.2680669 0.2468455 0.2553890 0.2719094 0.3072560 0.2275436 0.2914179 0.2662465 0.2781223 0.3100616 0.2773447 0.2757430 0.2264513 0.3155659 0.2982392 0.2621768 0.1882403 0.2339799 0.2976909 0.2365161 0.2680972 0.2267790 0.2669508 0.2257771 0.2591755 0.3118296 0.3399288 0.3439525 0.2272138 0.2325001 0.2743511 0.3304552 0.3266672 0.2943831 0.3719134 0.3338473 0.3368919 0.3071066 0.2674114 0.2023761 0.3233066 0.2912200 0.3950951 0.3707177 0.3850146 0.2893041 0.2744340 0.3860380 0.3363387 0.4631238 0.3861293 0.4324433 0.4892759 
Chilon                  0.2386875 0.1579587 0.1803068 0.1861432 0.1748971 0.1837519 0.1911774 0.1785971 0.2068015 0.1641961 0.1747878 0.0000000 0.0000010 0.0251956 0.0178649 0.0346923 0.0747877 0.0575611 0.0907286 0.0806149 0.1368943 0.1208221 0.1393697 0.1234620 0.1032591 0.1567313 0.1159376 0.1237695 0.1573830 0.1543272 0.1662498 0.1657491 0.1173688 0.1337498 0.1931445 0.1647231 0.2289134 0.1717996 0.1700302 0.1951709 0.2074740 0.2367376 0.1511620 0.1459072 0.2038951 0.2047642 0.1901230 0.1878052 0.1820199 0.1718616 0.2407502 0.2194490 0.1831444 0.1532506 0.2189637 0.2136159 0.2611514 0.1838264 0.2478200 0.2700810 0.2850251 0.2953526 0.2436422 0.3109246 0.3335103 0.2712801 0.3268841 0.2857004 0.2861955 0.2538859 0.1661072 0.2215378 0.2239235 0.2063640 0.2399731 0.1972745 0.2566723 0.2667961 0.2633741 0.1605094 0.2250551 0.2414317 0.2324532 0.1652293 0.1707090 0.1599705 0.1476395 0.2156159 0.1979958 0.1438683 0.2063491 0.2021229 0.1984786 0.1841298 0.1779658 0.2264519 0.1802844 0.2351208 0.2452624 0.2099319 0.2105142 0.2305995 0.2924452 0.2040041 0.2314346 0.1870878 0.2383535 0.2226298 0.2896679 0.2502086 0.2292671 0.2147145 0.1837821 0.1938260 0.2272604 0.2274587 0.2248720 0.2573419 0.2677305 0.2627155 0.2172521 0.2452839 0.2065204 0.3136463 0.2801458 0.2832577 0.2259662 0.3161407 0.2331095 0.2822550 0.2525880 0.2800112 0.3270608 0.2608090 0.2993454 0.3074493 0.2668880 0.2389297 0.2825435 0.2457540 0.3068755 0.2959501 0.3573292 0.3249856 0.3129436 0.2533031 0.2893223 0.4122443 0.3447869 0.3466735 0.3573495 
As034_Cam               0.2176517 0.1401341 0.1622309 0.1613734 0.1571289 0.1606205 0.1675281 0.1551508 0.1984192 0.1505962 0.1618816 0.0000010 0.0000000 0.0251956 0.0179219 0.0348111 0.0707483 0.0577707 0.0907286 0.0809317 0.1374732 0.1213278 0.1400408 0.1256578 0.1036813 0.1574305 0.1061932 0.1242806 0.1568167 0.1351026 0.1564333 0.1548199 0.1012494 0.1259062 0.1722885 0.1405556 0.2096807 0.1751400 0.1735066 0.1896878 0.2018409 0.2094062 0.1531066 0.1472345 0.1933882 0.1893916 0.1811240 0.1789403 0.1725008 0.1505689 0.2407502 0.1956451 0.1722941 0.1435010 0.2078981 0.2051329 0.2195198 0.1507944 0.2047773 0.2211381 0.2438437 0.2631495 0.2012657 0.2914965 0.2988234 0.2371985 0.2850424 0.2505299 0.2558940 0.2298808 0.1552968 0.2215378 0.2252418 0.2073923 0.2424519 0.1928619 0.1958084 0.2251069 0.2210960 0.1239075 0.1742047 0.2497951 0.2528364 0.1553045 0.1715368 0.1386181 0.1212898 0.1988538 0.1928670 0.1359536 0.1938467 0.1945113 0.1958393 0.1930046 0.1859378 0.2237983 0.1843979 0.2207450 0.2177883 0.1704414 0.1689978 0.2071561 0.2217613 0.1725830 0.1939377 0.1728397 0.2395091 0.2104372 0.2470915 0.2378890 0.1849757 0.1773151 0.1526826 0.1498671 0.2388445 0.1848523 0.2005409 0.2418146 0.2606358 0.2374241 0.2185851 0.2615348 0.1935509 0.3055542 0.2887393 0.2908516 0.1919908 0.2887914 0.2192757 0.2762041 0.2528166 0.2385189 0.3049951 0.2281283 0.2505450 0.2743602 0.1957828 0.2263493 0.2546018 0.2072556 0.2919937 0.2563479 0.3729342 0.3072713 0.3024770 0.1987062 0.2559913 0.4208839 0.2985882 0.3149934 0.3404854 
As027_Gab               0.1694274 0.1032996 0.1032996 0.0891056 0.0888059 0.1130211 0.1166768 0.1146075 0.0893431 0.1393472 0.1312895 0.0251956 0.0251956 0.0000000 0.0125908 0.0251956 0.0636417 0.0725426 0.0764800 0.0589552 0.0636417 0.0664472 0.1346797 0.1337143 0.0958163 0.1602400 0.1010277 0.1057241 0.1070444 0.0944428 0.1009585 0.1218141 0.1312870 0.0943963 0.1635301 0.1351117 0.2315282 0.1605765 0.2024091 0.1856163 0.2291598 0.1945735 0.1507214 0.1507214 0.1680702 0.1641287 0.1689471 0.1554796 0.1671184 0.1713712 0.2252762 0.2472048 0.2065488 0.1610152 0.1826167 0.1946790 0.1704861 0.1269493 0.1954106 0.1709564 0.1925670 0.2257006 0.1627314 0.2134189 0.2369355 0.2132289 0.2549730 0.2283422 0.2694393 0.1893414 0.1986509 0.2024504 0.2242134 0.1953021 0.2383169 0.2092726 0.2135278 0.2134475 0.2300633 0.1007704 0.1404842 0.2363088 0.2729749 0.1392268 0.1673905 0.1858600 0.1546657 0.2633854 0.1655016 0.1431475 0.2517727 0.2090386 0.1945486 0.2135276 0.1999597 0.1931204 0.1660694 0.2312712 0.1763552 0.1852212 0.1937379 0.2116846 0.1889338 0.1588529 0.2423295 0.2284254 0.2086533 0.1652564 0.2396585 0.2336406 0.2275661 0.2069509 0.1743001 0.1361338 0.1267530 0.1373110 0.1565477 0.1689890 0.1854831 0.2129184 0.2131923 0.1910159 0.1438894 0.2352762 0.2114958 0.2139486 0.1990638 0.2103739 0.2024441 0.3143358 0.2907098 0.3238780 0.2943632 0.1861411 0.2711840 0.2539262 0.1896497 0.1572929 0.2538868 0.2191674 0.3437264 0.2206644 0.3960963 0.2593878 0.2669832 0.2555173 0.2879667 0.4308892 0.2155096 0.2771060 0.3092525 
As085_Cam               0.1941440 0.1512772 0.1753292 0.1743237 0.1695567 0.1735052 0.1812855 0.1678085 0.2136620 0.1238792 0.1520446 0.0178649 0.0179219 0.0125908 0.0000000 0.0392955 0.0768357 0.0681107 0.0764800 0.0814410 0.1466323 0.1172027 0.1412812 0.1272856 0.1044040 0.1463124 0.0833350 0.1140519 0.1379401 0.1175364 0.1348663 0.1684065 0.1089990 0.1353681 0.1526463 0.1221531 0.1949660 0.1508804 0.1621940 0.1641328 0.1940516 0.1765559 0.1257211 0.1202237 0.1841020 0.1814166 0.1733228 0.1712473 0.1640204 0.1435589 0.2232789 0.1877782 0.1722748 0.1347638 0.2078529 0.1936432 0.1984707 0.1404874 0.1882154 0.2100035 0.2308830 0.2499574 0.1900104 0.2776648 0.2887643 0.2263012 0.2737815 0.2391670 0.2446072 0.2186786 0.1639139 0.2024504 0.1904455 0.1786469 0.2048226 0.1799795 0.1938988 0.2426912 0.2112220 0.1169614 0.1620983 0.2265090 0.2307439 0.1454605 0.1594336 0.1187425 0.1092156 0.1728498 0.1788715 0.1574794 0.1983672 0.1884666 0.1811098 0.1627499 0.1562256 0.1883167 0.1831928 0.2534540 0.2011965 0.1622429 0.1673080 0.1877122 0.1966199 0.1494510 0.1726985 0.1489701 0.2418388 0.2450578 0.2509012 0.2341736 0.1764421 0.1466704 0.1418941 0.1554757 0.2158447 0.1877208 0.2117362 0.2139789 0.2609765 0.2480362 0.2112683 0.2659692 0.2234095 0.2943469 0.2707915 0.2727181 0.2015513 0.2702302 0.1978856 0.2591552 0.2374626 0.2422251 0.3017980 0.2352101 0.2645194 0.2563564 0.1965872 0.2120319 0.2369920 0.2004141 0.2743882 0.2388707 0.3329248 0.2923979 0.2910111 0.2189648 0.2675958 0.4276332 0.2761722 0.3288868 0.3435603 
As084_Cam               0.2740455 0.1649284 0.1915145 0.1711678 0.1976120 0.1894133 0.1972808 0.1834353 0.2391947 0.1617960 0.1896908 0.0346923 0.0348111 0.0251956 0.0392955 0.0000000 0.0734207 0.0796494 0.0897993 0.1032663 0.0983748 0.1404038 0.1179972 0.1417627 0.1264382 0.1614111 0.1322258 0.1479556 0.2049796 0.1775917 0.1502798 0.1555367 0.1394752 0.1742053 0.1894634 0.1753184 0.2382893 0.2204467 0.2146436 0.2184523 0.2399748 0.2409802 0.1662517 0.1662517 0.2549495 0.2505310 0.2583102 0.2548807 0.2421610 0.2018853 0.2089288 0.2411278 0.1730843 0.1440946 0.2502224 0.2546989 0.2587487 0.2014851 0.2691491 0.2893691 0.3162518 0.2983404 0.2569967 0.3193269 0.3553113 0.2791503 0.3356891 0.2955928 0.3202494 0.2828075 0.1818118 0.1867052 0.2116143 0.2072665 0.2669270 0.2319596 0.2607438 0.2782030 0.2743950 0.1828284 0.2218750 0.2705338 0.2651175 0.1899973 0.1764672 0.1957643 0.1678090 0.2344414 0.2517820 0.1934981 0.2475876 0.2419666 0.2372508 0.2045990 0.1970159 0.2340209 0.2345580 0.2351208 0.2445801 0.2029411 0.2097564 0.2697380 0.2676466 0.2096148 0.2483265 0.2101277 0.2693158 0.2554541 0.2931175 0.2953629 0.2479536 0.2170568 0.2053365 0.1977492 0.2572158 0.2112048 0.2308477 0.2841815 0.3251629 0.3264254 0.2606349 0.2848622 0.2296880 0.4160537 0.3702028 0.3731915 0.2427802 0.3096189 0.2433422 0.3158695 0.2876806 0.2861353 0.3529719 0.2659215 0.3092345 0.3372326 0.2112669 0.2726627 0.2871594 0.2614438 0.3276813 0.3225986 0.4605850 0.4061935 0.4058372 0.2635250 0.2891140 0.5217994 0.3857172 0.4503018 0.3819889 
As056_Gab               0.3066500 0.2328919 0.2764772 0.2404493 0.2647500 0.2797382 0.2840050 0.2734053 0.2771575 0.2240969 0.2609820 0.0747877 0.0707483 0.0636417 0.0768357 0.0734207 0.0000000 0.0182750 0.1263168 0.0977074 0.0709265 0.1285052 0.1250664 0.1390375 0.1258017 0.1932263 0.1602834 0.1430690 0.1981714 0.1814503 0.1694803 0.1669733 0.1317293 0.1663645 0.2717820 0.2178183 0.3073683 0.2490824 0.2767184 0.2558796 0.2869847 0.2410409 0.2044189 0.2056809 0.2639709 0.2726466 0.2335675 0.2306340 0.2085263 0.2153197 0.2443179 0.2539432 0.1894378 0.1681494 0.2563040 0.2489646 0.3236204 0.2122372 0.3213869 0.3600889 0.3512432 0.3216921 0.3233078 0.3537790 0.4087131 0.3263701 0.3868176 0.3459967 0.3518649 0.3598291 0.2851111 0.2411671 0.2470601 0.2599148 0.2873643 0.2908327 0.3604602 0.3418875 0.3461308 0.2250483 0.3249498 0.3220674 0.2800650 0.1993359 0.1935145 0.2141280 0.2281480 0.3590096 0.3533340 0.2665602 0.3212340 0.3306032 0.2648524 0.2319860 0.2172645 0.2962817 0.2127463 0.2483695 0.2496985 0.2654102 0.2745962 0.2876878 0.3130721 0.3106206 0.2476260 0.2540194 0.3629299 0.3101186 0.2898938 0.2858580 0.3094445 0.2532145 0.1953512 0.2442218 0.3060124 0.2148594 0.2475617 0.3383579 0.3578477 0.3730726 0.2691954 0.3344527 0.3040206 0.4237786 0.3993426 0.4025086 0.3137341 0.3298771 0.2973494 0.3642823 0.3331784 0.3368431 0.4439392 0.2955338 0.3638714 0.3307539 0.2607470 0.3741316 0.3517780 0.3238814 0.3007890 0.3434890 0.4241174 0.4567015 0.4567466 0.2608977 0.2945496 0.4429839 0.4319880 0.4541394 0.5989295 
As082_Cam               0.2763229 0.2078817 0.2126173 0.1892683 0.2111633 0.2239599 0.2335953 0.2177765 0.2246086 0.2005575 0.2093737 0.0575611 0.0577707 0.0725426 0.0681107 0.0796494 0.0182750 0.0000000 0.1456452 0.1050634 0.0723806 0.1475760 0.1340851 0.1251313 0.1208397 0.1771520 0.1331936 0.1156088 0.1938923 0.1676651 0.2017139 0.1725805 0.1229927 0.1476660 0.2578104 0.2030880 0.2931307 0.2349367 0.2538591 0.2534429 0.2842584 0.2335836 0.2085859 0.2085859 0.2540691 0.2497845 0.2188952 0.2161334 0.2053573 0.2024011 0.2651708 0.2408106 0.1974674 0.1657239 0.2648921 0.2394066 0.2733503 0.1734639 0.2804759 0.3045865 0.3045865 0.2787024 0.2692996 0.3329909 0.3569087 0.2828449 0.3378342 0.3017628 0.2792489 0.3050474 0.2586504 0.2648637 0.2795852 0.2759229 0.2321352 0.2644030 0.2957368 0.2895173 0.2923510 0.1869722 0.2467922 0.2738168 0.2604171 0.1696313 0.1812070 0.2028287 0.2064648 0.3215651 0.3179771 0.2205720 0.2950175 0.2814034 0.2598274 0.2293403 0.2140287 0.2958402 0.1988416 0.2590004 0.2308965 0.2322311 0.2402745 0.2775537 0.2963845 0.2939882 0.2049927 0.2175301 0.3110588 0.2924397 0.2710934 0.2478550 0.2415422 0.2024844 0.1799387 0.2095084 0.2550287 0.1968743 0.2403176 0.3303067 0.3498076 0.3046421 0.2526370 0.3262837 0.2780044 0.4038068 0.3940550 0.3972843 0.2732377 0.3260611 0.2725321 0.3696004 0.3674325 0.2777528 0.4470024 0.2888734 0.3582131 0.3145501 0.2341090 0.3269691 0.2900172 0.2743196 0.3205114 0.3265605 0.3579228 0.3998756 0.3994776 0.2301929 0.2581554 0.4086518 0.4143975 0.4098103 0.5154791 
As032_Gab               0.1668204 0.1249902 0.1108655 0.1036042 0.1058927 0.1409229 0.1305794 0.1424988 0.1465209 0.1437744 0.1405329 0.0907286 0.0907286 0.0764800 0.0764800 0.0897993 0.1263168 0.1456452 0.0000000 0.0087589 0.1119058 0.1418188 0.1601749 0.1601749 0.1093832 0.1463491 0.1157570 0.1311928 0.1088881 0.0906158 0.1019955 0.1728156 0.1889008 0.1263404 0.1414253 0.1319214 0.2155188 0.1489658 0.1505273 0.1367617 0.2127662 0.1389842 0.1019661 0.1019661 0.1787730 0.1787730 0.1867013 0.1660829 0.1837130 0.1798617 0.2618969 0.2470966 0.2401650 0.1664448 0.2019665 0.1826097 0.1478437 0.1061108 0.2857988 0.1731658 0.1635682 0.2186641 0.1961310 0.2020396 0.1995116 0.1711599 0.1790098 0.2221544 0.2599078 0.1940977 0.1783211 0.1881645 0.2252685 0.2000948 0.1676303 0.2109973 0.2617189 0.2615057 0.2806507 0.1215237 0.2500492 0.2035145 0.1995524 0.1890878 0.1890878 0.1911397 0.1587941 0.2314171 0.2036766 0.2122757 0.3225201 0.2437852 0.2184168 0.1881645 0.1931576 0.1675570 0.1948587 0.2822401 0.1943625 0.1623813 0.1724161 0.2129722 0.1751063 0.1496800 0.2283924 0.1979933 0.2693333 0.1788239 0.2661359 0.3498699 0.1416945 0.1964691 0.1816655 0.1662122 0.1446504 0.1739723 0.1686320 0.1714639 0.1891532 0.1844410 0.1634602 0.1736452 0.1359879 0.1663411 0.1679471 0.1704536 0.2434265 0.1433838 0.1852461 0.1694297 0.1504675 0.2095359 0.2907866 0.1952661 0.3281842 0.2445258 0.1772671 0.1794796 0.2514749 0.2295447 0.2288687 0.1952019 0.1904569 0.2154333 0.2154333 0.3032932 0.3045882 0.3797902 0.2335172 0.2748496 0.3835175 
As039_Gab               0.2151908 0.1746154 0.2313166 0.2066057 0.2211649 0.2272157 0.2376146 0.2206458 0.2675786 0.1661008 0.2104941 0.0806149 0.0809317 0.0589552 0.0814410 0.1032663 0.0977074 0.1050634 0.0087589 0.0000000 0.1448925 0.0982316 0.1092507 0.1046697 0.0878987 0.1141052 0.0951888 0.0918157 0.1275293 0.1059533 0.1378232 0.2050721 0.1549913 0.1463574 0.2185763 0.2066724 0.2486536 0.2003351 0.2029567 0.2006815 0.2326717 0.2075436 0.1524442 0.1524442 0.1956959 0.1925569 0.2208709 0.2031649 0.1921614 0.1852409 0.2213347 0.2304685 0.1978223 0.1650662 0.2353194 0.2037137 0.2501779 0.1501607 0.2749945 0.2825015 0.2926864 0.2449577 0.2414703 0.2672548 0.2828912 0.2339619 0.2836952 0.2578609 0.2696216 0.2842846 0.2330780 0.2310822 0.2628056 0.2614575 0.2501471 0.2469795 0.3231792 0.3488116 0.3453718 0.1777216 0.2361711 0.2542016 0.1993255 0.1722806 0.1759747 0.1849062 0.1805280 0.2252679 0.2730330 0.2077240 0.2903661 0.2658244 0.2721568 0.1825733 0.1845411 0.2153221 0.1914066 0.3057739 0.2292422 0.2287550 0.2367481 0.2320553 0.2552007 0.2407806 0.2461563 0.2002014 0.2961337 0.2534859 0.2802506 0.2971519 0.1651830 0.2224678 0.1980215 0.1826381 0.2328095 0.2136719 0.2526488 0.2605108 0.3034131 0.2724163 0.2177798 0.2680287 0.2087899 0.3454854 0.3460368 0.3487570 0.2429939 0.2310549 0.1853642 0.2966468 0.2869732 0.2205697 0.3343712 0.2831836 0.2739940 0.2417362 0.2415060 0.3034660 0.3140606 0.2513274 0.2832677 0.2574054 0.3646489 0.3768489 0.3762468 0.2495858 0.2861978 0.4481286 0.3440971 0.3418011 0.5015615 
As021_Gab               0.4558421 0.3318326 0.4014910 0.3415688 0.3740255 0.4044160 0.4147103 0.3974337 0.3929289 0.3164043 0.3662901 0.1368943 0.1374732 0.0636417 0.1466323 0.0983748 0.0709265 0.0723806 0.1119058 0.1448925 0.0000000 0.2225758 0.1302751 0.2088208 0.1923694 0.3069036 0.2207686 0.2260277 0.2885080 0.2542192 0.2063845 0.1419913 0.2077699 0.2639996 0.4114402 0.3496744 0.4476810 0.4066853 0.4406045 0.4082124 0.4058469 0.3808561 0.3242601 0.3265638 0.4014064 0.4026021 0.3767519 0.3715546 0.3285081 0.3522259 0.2172502 0.4031830 0.2127287 0.1781283 0.3360280 0.3774042 0.4899660 0.3038495 0.4848339 0.4817406 0.4743108 0.4540170 0.4671348 0.5129423 0.5858269 0.4786010 0.5527198 0.5124770 0.5169276 0.4740360 0.4002825 0.2411671 0.2952929 0.3342025 0.4020357 0.4299125 0.4261227 0.4249604 0.4313448 0.3066927 0.4129199 0.3636951 0.3466567 0.2983624 0.2076247 0.3259061 0.3263559 0.4880929 0.4749061 0.3913188 0.4844136 0.4690745 0.3631850 0.3197173 0.3014097 0.3851907 0.2818542 0.2830548 0.3437364 0.4316500 0.4489812 0.3905549 0.4369800 0.4449709 0.3673259 0.3608291 0.4615825 0.3334692 0.4562977 0.4059878 0.3985624 0.3359261 0.2760955 0.3381988 0.4328824 0.2861782 0.3244290 0.4059489 0.4767146 0.5275906 0.3889344 0.4745082 0.4105306 0.5198926 0.5860126 0.5915669 0.3690740 0.4505801 0.3774843 0.4800260 0.4820044 0.4159917 0.5325848 0.3760717 0.4628929 0.4599430 0.3458849 0.4745366 0.4502510 0.4467114 0.4225517 0.4429084 0.5762084 0.6082528 0.6092982 0.3127012 0.4237638 0.5718367 0.5452444 0.5996302 0.7511643 
As072_Lib               0.2522141 0.1573873 0.2084249 0.2121420 0.1808746 0.2106787 0.2010884 0.2044959 0.1863196 0.2223611 0.1661498 0.1208221 0.1213278 0.0664472 0.1172027 0.1404038 0.1285052 0.1475760 0.1418188 0.0982316 0.2225758 0.0000000 0.1433570 0.1195482 0.1199930 0.1473545 0.1269510 0.1405087 0.1865173 0.1615179 0.1638059 0.1724232 0.1414037 0.1832841 0.2672048 0.2174664 0.2499059 0.1672923 0.2177209 0.1920625 0.2250547 0.2358651 0.1684629 0.1684629 0.1904031 0.2000294 0.2163306 0.1996001 0.1987863 0.1960828 0.2361280 0.2231913 0.1762309 0.1584351 0.2038255 0.2116670 0.2239403 0.1742001 0.2417005 0.2574348 0.2660099 0.2287297 0.2183252 0.2255431 0.2422431 0.2148239 0.2652240 0.2048920 0.2593839 0.2323592 0.2110436 0.1707787 0.2226435 0.2281403 0.2971642 0.2518219 0.2935113 0.2721847 0.2764490 0.2026488 0.2333328 0.2342170 0.1837643 0.2116345 0.2221596 0.2306485 0.2397178 0.2308413 0.2031214 0.2141443 0.2682907 0.2444759 0.2517890 0.1687568 0.1619477 0.1789292 0.1754319 0.1876936 0.1734554 0.1725396 0.1780354 0.2509464 0.2720963 0.2474946 0.2284667 0.2135177 0.3028750 0.2511946 0.2473911 0.2708715 0.2449622 0.2440320 0.1674838 0.1874461 0.1840305 0.2364226 0.2527044 0.2471722 0.2423987 0.2080515 0.2506900 0.2175866 0.2141698 0.3253579 0.3022846 0.3044513 0.2072181 0.2071492 0.1961642 0.2968067 0.2829344 0.3045757 0.3175288 0.2664695 0.2583230 0.2075928 0.2248211 0.3030812 0.3023276 0.2517746 0.3533612 0.2619932 0.3596206 0.3052486 0.3071312 0.2277907 0.3417149 0.4053628 0.4032949 0.3907787 0.4525741 
As028_Gab               0.2120917 0.2278481 0.2591936 0.2086278 0.2211135 0.1948736 0.2022873 0.1883282 0.2833950 0.1958226 0.2315789 0.1393697 0.1400408 0.1346797 0.1412812 0.1179972 0.1250664 0.1340851 0.1601749 0.1092507 0.1302751 0.1433570 0.0000000 0.0038528 0.0612573 0.0968132 0.1012606 0.1395020 0.2063395 0.1846515 0.2083278 0.2291180 0.1940852 0.2025634 0.2412078 0.2434264 0.2039957 0.2251510 0.2194115 0.2529208 0.2360661 0.2867151 0.2115391 0.2115391 0.2215069 0.2240475 0.3143219 0.3096582 0.3080466 0.2274867 0.1881792 0.2218391 0.1885360 0.1696783 0.2491998 0.2364589 0.2939417 0.2152679 0.3385601 0.3598087 0.3504913 0.3175573 0.3100729 0.3137537 0.3108078 0.2530524 0.3431156 0.3150254 0.3358376 0.3076644 0.3065649 0.2096196 0.3215362 0.3371155 0.3960556 0.2913278 0.3714409 0.3511131 0.3644519 0.2363502 0.2534619 0.3264158 0.3027942 0.1972822 0.2079404 0.2566926 0.2749736 0.3509687 0.2961349 0.3035757 0.3567474 0.3683082 0.2438285 0.2478769 0.2464678 0.3434237 0.2470724 0.3210301 0.2475383 0.2791655 0.2755147 0.2866871 0.3030040 0.2734535 0.2429741 0.2487872 0.3137663 0.3399053 0.3430302 0.3028444 0.2665409 0.2523850 0.2620877 0.1867915 0.2348792 0.1689533 0.3258637 0.3006980 0.3011766 0.3094591 0.2529438 0.2024429 0.2112662 0.3331856 0.3393151 0.3422196 0.2706319 0.2958627 0.2248141 0.3775304 0.3750011 0.3128497 0.3671250 0.3334332 0.3023585 0.2381600 0.2139005 0.2874443 0.2459538 0.2501179 0.3644686 0.3217756 0.3128507 0.4384008 0.3967122 0.3139788 0.3678005 0.4197829 0.3340325 0.4547835 0.6086090 
As045_Cam               0.2193096 0.2337157 0.2785468 0.2497527 0.2333046 0.2195154 0.2198389 0.2134787 0.2720336 0.2070560 0.2270104 0.1234620 0.1256578 0.1337143 0.1272856 0.1417627 0.1390375 0.1251313 0.1601749 0.1046697 0.2088208 0.1195482 0.0038528 0.0000000 0.0635306 0.0997139 0.1080811 0.1420607 0.1917334 0.1650361 0.2158192 0.2276380 0.1638589 0.1941726 0.2524850 0.2475211 0.2180481 0.2021239 0.2323292 0.2376112 0.2237610 0.3007484 0.1972509 0.1985025 0.2120410 0.2097295 0.2880100 0.2842705 0.2683437 0.2417397 0.1881792 0.2156004 0.1864162 0.1687204 0.2576742 0.2186029 0.2955858 0.2376532 0.3459151 0.3789745 0.3627326 0.3350449 0.3459817 0.3368705 0.3532011 0.2867237 0.3714051 0.3282193 0.3459644 0.3473793 0.2895340 0.2096196 0.3191810 0.3096117 0.3827730 0.2621318 0.3609302 0.3366831 0.3479673 0.2324278 0.2592496 0.2941644 0.2598351 0.1780445 0.2045735 0.2504967 0.2383177 0.3308352 0.2677319 0.2658783 0.3024008 0.3319317 0.2400622 0.2231000 0.2220265 0.3213873 0.2364979 0.3186244 0.2425797 0.2502231 0.2467955 0.2826989 0.2996210 0.2694762 0.2285624 0.1976995 0.3070648 0.3281983 0.3239193 0.3116608 0.2556306 0.2437857 0.2275007 0.2249666 0.2255192 0.1818928 0.2990040 0.2641371 0.2766067 0.2839212 0.2218594 0.1946396 0.2079407 0.3073324 0.3125416 0.3148257 0.2821577 0.2569484 0.2078014 0.3334523 0.3421819 0.2815747 0.3859117 0.3478686 0.3058681 0.2519114 0.2285023 0.2859885 0.2613028 0.2768081 0.3406180 0.3301308 0.3287320 0.4394004 0.4069047 0.2902390 0.3880762 0.4613879 0.3927617 0.4763281 0.5601112 
As070_Lib               0.1759673 0.2142566 0.2573467 0.2458782 0.2224083 0.2048240 0.2119614 0.1988121 0.2595326 0.1990892 0.2134099 0.1032591 0.1036813 0.0958163 0.1044040 0.1264382 0.1258017 0.1208397 0.1093832 0.0878987 0.1923694 0.1199930 0.0612573 0.0635306 0.0000000 0.0445422 0.1028969 0.1393492 0.1986944 0.1698374 0.1914737 0.2081143 0.1487292 0.1835901 0.2612743 0.2237750 0.2169485 0.2061709 0.2183477 0.2308948 0.2076067 0.2345491 0.2037918 0.2037918 0.2122246 0.2146827 0.2772593 0.2735356 0.2599555 0.2285310 0.2261253 0.2375055 0.2169172 0.1962651 0.2611790 0.2113640 0.2513045 0.2033096 0.2697046 0.2687281 0.2786141 0.2475435 0.2698680 0.2979654 0.2980988 0.2383698 0.2990262 0.2441033 0.2755406 0.2684648 0.2904615 0.1745807 0.2982966 0.2862286 0.3069099 0.2580368 0.3473715 0.3124247 0.3123377 0.2297333 0.2464029 0.2795237 0.2469006 0.1872079 0.2012933 0.2132375 0.2339549 0.3054414 0.2817991 0.2467324 0.3081960 0.3260495 0.2455257 0.2141779 0.2059557 0.3238066 0.2868029 0.3418481 0.2438036 0.2418369 0.2351685 0.2600595 0.2866133 0.2439609 0.2182968 0.2019808 0.2896219 0.2693681 0.2830952 0.2639561 0.2226812 0.2242074 0.2024117 0.2040497 0.2683974 0.2087098 0.3122472 0.2923817 0.2917983 0.2890600 0.2731639 0.2594100 0.2473438 0.3402573 0.3208041 0.3232363 0.2475669 0.2757726 0.2227036 0.3035437 0.3124935 0.2267427 0.3723125 0.3323193 0.2893744 0.2473938 0.2477430 0.2692219 0.2675024 0.2898248 0.3379907 0.2845614 0.3512993 0.4543538 0.4027407 0.3143777 0.3536497 0.4269417 0.4172284 0.4024056 0.6014161 
As083_Cam               0.2391540 0.2645227 0.2627892 0.2645015 0.2299328 0.2094324 0.2094528 0.2034828 0.2807689 0.2098241 0.2191248 0.1567313 0.1574305 0.1602400 0.1463124 0.1614111 0.1932263 0.1771520 0.1463491 0.1141052 0.3069036 0.1473545 0.0968132 0.0997139 0.0445422 0.0000000 0.1661635 0.1267225 0.2067573 0.2102539 0.2144238 0.2145590 0.1798271 0.2446217 0.2402801 0.2132703 0.1999596 0.2026863 0.1949406 0.2066621 0.1800212 0.2206206 0.1889645 0.1901896 0.2381985 0.2472609 0.3217855 0.3264015 0.2976842 0.2622915 0.2509430 0.2405662 0.2193126 0.2091872 0.2586267 0.2151674 0.2608913 0.2174788 0.2760707 0.2490363 0.2483724 0.2362956 0.2416988 0.2493236 0.2596862 0.2298516 0.3092306 0.2483985 0.2358994 0.2563877 0.2979343 0.1642314 0.2854419 0.2631331 0.2966506 0.2965072 0.3302976 0.3227481 0.2878576 0.3077198 0.2376090 0.3019767 0.2853199 0.2123911 0.2247793 0.2552218 0.2512617 0.3278068 0.3535759 0.2945394 0.3351612 0.3637729 0.2440137 0.2033664 0.2056277 0.3228365 0.3482099 0.3572088 0.3026109 0.2315242 0.2254279 0.2898753 0.2931022 0.2381728 0.2064863 0.1972446 0.2528102 0.2533822 0.2998178 0.3142586 0.2034400 0.3074167 0.2777966 0.2286427 0.2914418 0.2186172 0.4096965 0.2944627 0.3032184 0.2359129 0.3474988 0.3183028 0.3092429 0.3973320 0.3777753 0.3807551 0.3427088 0.2460800 0.2269600 0.3345289 0.3109505 0.2217244 0.3512300 0.3279105 0.3148338 0.2670074 0.2461127 0.2648013 0.2961853 0.3181485 0.3998422 0.3572170 0.3195605 0.4312059 0.3925821 0.3350718 0.3420419 0.4474308 0.4615738 0.5216956 0.5853873 
