98
Zalmoxis             0.0000000 0.3077115 0.2770181 0.3132629 0.3096140 0.3011677 0.3557110 0.3296835 0.2625931 0.4814645 0.5005949 0.4035191 0.3659589 0.3142044 0.3656435 0.2734796 0.4002138 0.4792690 0.3654556 0.3612529 0.4151695 0.3982975 0.5229451 0.3611214 0.3914250 0.7381133 0.7077895 0.5888264 0.4275509 0.4901926 0.4912702 0.4183263 0.4914292 0.5964485 0.6498365 0.7116458 0.5928026 0.5825649 0.7047232 0.7003209 0.6530941 0.6179223 0.5935720 0.6083329 0.5802491 0.5879560 0.6858702 0.6822670 0.6449058 0.5754332 0.6274704 0.6432100 0.9000604 0.5235688 0.6345945 0.5339888 0.4667979 0.4877839 0.5027229 0.5865792 0.8064987 0.7345602 0.7801346 0.7226384 0.7306323 0.7258910 0.7129549 0.7617222 0.7406307 0.7571505 0.7686942 0.7795335 0.9094162 0.8378614 0.6786842 0.8290173 0.7636252 0.8615651 0.8245766 1.0627540 1.0478229 0.8121540 0.8178127 0.5975045 0.7564215 1.1032398 0.9259935 0.4931070 0.5559600 0.5741041 0.6122157 0.5238790 0.6161979 1.2240071 1.5749648 1.2590818 1.2748625 0.8070240 
Dongmoa              0.3077115 0.0000000 0.2095627 0.2519943 0.2919136 0.2521686 0.2718742 0.2565652 0.2389479 0.2340475 0.2429439 0.3069603 0.2611631 0.2911373 0.2935727 0.2769668 0.2872492 0.4759633 0.3918882 0.3277516 0.3242205 0.3400389 0.4648241 0.3629394 0.3430394 0.5816993 0.6334731 0.5594072 0.3489064 0.3869663 0.3515568 0.3393321 0.3910200 0.4977145 0.5085455 0.6180173 0.5251664 0.5997564 0.5671381 0.5699276 0.5528264 0.5043007 0.4826935 0.4464884 0.4558838 0.4583997 0.4905644 0.4882639 0.4681235 0.4471665 0.5050869 0.5583777 0.7066328 0.4992415 0.5819171 0.5202017 0.4673220 0.4888871 0.4421268 0.4892084 0.8117807 0.7714121 0.7056159 0.6082079 0.7348440 0.6995581 0.6763566 0.6965323 0.7219512 0.7134310 0.6932859 0.7350467 0.7402086 0.7744740 0.5569670 0.7860808 0.7553535 0.8284602 0.7809559 1.0679379 1.1161898 0.8839195 0.8901152 0.5776341 0.5829573 1.1250606 0.7431745 0.4397379 0.5226991 0.6320667 0.5963049 0.5137309 0.4777084 1.3470028 1.4294906 1.2789069 1.2951615 0.7000769 
Tithaeus             0.2770181 0.2095627 0.0000000 0.2596374 0.2267962 0.1871374 0.2744448 0.2833009 0.2578130 0.3070392 0.3164207 0.3081587 0.3124734 0.2610543 0.3071598 0.2552243 0.3374514 0.5362241 0.3584619 0.3064126 0.4140216 0.3869200 0.4671160 0.3724470 0.3374242 0.6344185 0.6045112 0.5888685 0.3322951 0.3533194 0.2795240 0.2748467 0.2331186 0.4360357 0.4386276 0.5147004 0.4244445 0.4971417 0.5516365 0.5484659 0.5542750 0.4601675 0.4538677 0.4391764 0.4312850 0.4329406 0.4362121 0.4342988 0.4553776 0.4462778 0.4987823 0.5197331 0.5919437 0.4446463 0.5322782 0.4844988 0.4096966 0.4294931 0.4605835 0.5140284 0.6401924 0.6825006 0.7496899 0.5363770 0.6167664 0.6201277 0.5878293 0.5629460 0.5804905 0.5745508 0.5816140 0.6440966 0.6922369 0.6913416 0.5421085 0.7547344 0.7020272 0.7737210 0.6735501 0.9027192 0.8643186 0.7683164 0.7737598 0.5352983 0.6382636 0.9931726 0.7288630 0.4659233 0.5366026 0.5825445 0.5669877 0.4615042 0.5932504 1.0242854 1.3721655 1.1106155 1.1242774 0.7118154 
Martensiellus        0.3132629 0.2519943 0.2596374 0.0000000 0.1669566 0.1721259 0.2780233 0.2299980 0.2495925 0.3120405 0.3272874 0.2559819 0.3755495 0.3141789 0.3423282 0.2829464 0.2890456 0.4699036 0.3486049 0.3460873 0.3514862 0.3594013 0.4595804 0.4425970 0.3494986 0.6191983 0.5651888 0.5332468 0.2398723 0.2611000 0.4397872 0.3826191 0.4243678 0.4486819 0.4073895 0.5585915 0.5023609 0.6063177 0.6015655 0.5923938 0.5277458 0.4645450 0.4436952 0.4024159 0.4280914 0.4347007 0.4880600 0.4928765 0.4747605 0.4441940 0.4308551 0.5451380 0.7125828 0.5267914 0.5138809 0.4801801 0.4591002 0.4657270 0.4757630 0.5560737 0.6506985 0.6392915 0.6165360 0.5173833 0.7242560 0.6887858 0.6210351 0.7070925 0.6917158 0.6752258 0.7158033 0.7025563 0.6959463 0.7799114 0.5794370 0.7268392 0.7212173 0.7959686 0.6585081 0.9483810 0.8541556 0.6749364 0.6654736 0.5579431 0.7019220 0.9251000 0.6696621 0.5632476 0.4892742 0.5893126 0.5702767 0.5305796 0.5800901 1.1889363 1.3700685 1.1181920 1.1316936 0.8274038 
Palaeoncopus         0.3096140 0.2919136 0.2267962 0.1669566 0.0000000 0.1838582 0.2965779 0.2439280 0.2850390 0.2763302 0.3180825 0.2891967 0.3582293 0.3058066 0.3826942 0.2997244 0.2716417 0.4785139 0.3702755 0.3778706 0.4232813 0.4263549 0.4244987 0.4766813 0.3955492 0.6787106 0.6444690 0.5895075 0.2392172 0.2684770 0.3933650 0.3338475 0.3581773 0.3852662 0.3953246 0.5126941 0.4693349 0.5526300 0.4777802 0.4723038 0.4862337 0.3963212 0.3903298 0.3930731 0.4014950 0.4077593 0.4461538 0.4508008 0.4908380 0.4197497 0.4552464 0.5136245 0.6551017 0.5159012 0.4868403 0.4323371 0.4184704 0.4112840 0.4184861 0.5269835 0.6271684 0.6315829 0.6214824 0.5466819 0.7352432 0.6806437 0.5575752 0.6101191 0.5904508 0.5961687 0.6626628 0.6427807 0.6768139 0.6988390 0.5856421 0.7543133 0.7278248 0.7913983 0.6053646 0.9007241 0.8071645 0.7072313 0.7308094 0.5621081 0.6091766 0.7417938 0.6875500 0.5480724 0.6013368 0.6354981 0.7221935 0.5543118 0.7251561 1.1976503 1.2536896 0.9967449 1.0087759 0.8321867 
Sandokan             0.3011677 0.2521686 0.1871374 0.1721259 0.1838582 0.0000000 0.2733460 0.2236464 0.2390277 0.2919331 0.3058529 0.2727195 0.2866277 0.2452607 0.2890258 0.2224548 0.3086476 0.4531856 0.3412625 0.3356098 0.3850924 0.3517565 0.5149357 0.3256997 0.3635619 0.6552541 0.6475863 0.5688667 0.2400324 0.2537986 0.3900934 0.3571401 0.3744685 0.4523086 0.4393107 0.5451941 0.4791846 0.4805924 0.4817499 0.4837766 0.5410758 0.4288263 0.4090340 0.4304057 0.4395179 0.4461194 0.4279232 0.4260462 0.4681291 0.3930634 0.4475853 0.4517927 0.6064812 0.4558563 0.4989058 0.4425290 0.4259741 0.4464697 0.4351530 0.5204102 0.5719048 0.5801842 0.5885037 0.5637383 0.5894900 0.6032465 0.5418961 0.5653191 0.5880390 0.5610523 0.5981653 0.6239229 0.6555118 0.6889442 0.5117139 0.7628008 0.7090322 0.7988052 0.6633980 0.9716759 0.9343346 0.7849852 0.7743195 0.4988992 0.5925765 0.8822916 0.6274844 0.4892528 0.5370866 0.5953966 0.5538426 0.4510893 0.5305317 1.0991644 1.3754749 1.1818182 1.1963831 0.7154669 
Glysterus            0.3557110 0.2718742 0.2744448 0.2780233 0.2965779 0.2733460 0.0000000 0.1751822 0.1639136 0.3139561 0.3008144 0.3642713 0.2738342 0.3103073 0.3187847 0.3313993 0.3546287 0.4258309 0.4162416 0.3977090 0.3603311 0.3494624 0.3989415 0.3871850 0.3521230 0.6239614 0.6170727 0.5224374 0.3291506 0.3654634 0.4522738 0.3478751 0.4245186 0.4384569 0.3501083 0.6230131 0.5414151 0.5755640 0.5266801 0.5374866 0.5273772 0.4734813 0.4526375 0.4626739 0.4724607 0.4793944 0.4168072 0.4232902 0.4085900 0.4211804 0.4907869 0.4617688 0.6523258 0.4420686 0.4716891 0.4076490 0.4323649 0.4387387 0.4213430 0.5153953 0.5912130 0.6819623 0.6940734 0.5494697 0.6162968 0.5998872 0.6535974 0.6683833 0.6737934 0.6790929 0.7545819 0.7137110 0.7936134 0.8055737 0.5683277 0.7957440 0.7812975 0.8749461 0.7184220 1.0805685 1.0725513 0.7976765 0.8032669 0.5673928 0.6417866 1.0090422 0.7546833 0.5198354 0.5442013 0.6949488 0.6606395 0.4666415 0.6358423 1.0573664 1.5293246 1.2524963 1.2683380 0.7013962 
Cynortula            0.3296835 0.2565652 0.2833009 0.2299980 0.2439280 0.2236464 0.1751822 0.0000000 0.1801860 0.2779175 0.2712483 0.3026105 0.2876760 0.2902669 0.2657665 0.2604724 0.2955255 0.3623569 0.3497607 0.3698995 0.3266374 0.3226720 0.4810205 0.3862395 0.3187878 0.6355342 0.5912976 0.5298479 0.3030817 0.3301668 0.4366838 0.3539232 0.4117937 0.4026169 0.3529874 0.5526545 0.4576956 0.4729948 0.4450997 0.4404459 0.5022981 0.3778239 0.3633262 0.3840679 0.3924211 0.3986772 0.4363580 0.4410475 0.4122069 0.3963094 0.4256849 0.5080539 0.6625010 0.4469815 0.4969822 0.4034132 0.4203725 0.4328437 0.4103601 0.4779858 0.6757831 0.6221169 0.6697173 0.5459396 0.6314339 0.6103183 0.5909219 0.6267982 0.6180943 0.6208585 0.5880218 0.5941282 0.6844070 0.7040840 0.5274497 0.7479855 0.6981751 0.7846485 0.6816247 0.8922077 0.8719858 0.7429014 0.7429014 0.5272472 0.6970526 0.9670946 0.6809850 0.5009481 0.4497863 0.6704099 0.6536002 0.5666892 0.6111683 1.0138997 1.2159753 1.2139406 1.2290409 0.5979918 
Zygopachylus         0.2625931 0.2389479 0.2578130 0.2495925 0.2850390 0.2390277 0.1639136 0.1801860 0.0000000 0.3307514 0.3472938 0.3219278 0.2658468 0.2505699 0.2712723 0.2697403 0.3479350 0.3963467 0.3834482 0.3321200 0.3757170 0.3582457 0.3943247 0.4194693 0.3524679 0.5970022 0.5283360 0.4385696 0.2765545 0.3152125 0.4322126 0.3236166 0.4133836 0.4143158 0.3595654 0.5567676 0.4910773 0.5481566 0.5307435 0.5085137 0.4959361 0.3999293 0.3940468 0.4020005 0.3969029 0.4030618 0.4543869 0.4523471 0.4051890 0.4048994 0.4640798 0.4690467 0.7278647 0.4383658 0.5027469 0.4219416 0.3838262 0.4028056 0.4183330 0.4095604 0.5953996 0.5887912 0.5777721 0.5032217 0.5852273 0.5956009 0.6055828 0.6418843 0.6653973 0.6530663 0.6948573 0.6755673 0.7651208 0.7597893 0.5529931 0.7963255 0.7617988 0.8547551 0.6432508 0.9915352 0.9481026 0.7381592 0.7476130 0.5858159 0.6079638 0.9737545 0.7054395 0.4918345 0.5237482 0.6385870 0.6314350 0.4400147 0.6503896 1.1838283 1.5892357 1.1160663 1.1296516 0.7323783 
Santobius_DNA104931  0.4814645 0.2340475 0.3070392 0.3120405 0.2763302 0.2919331 0.3139561 0.2779175 0.3307514 0.0000000 0.0343064 0.3397419 0.3975201 0.3580226 0.3762763 0.4007696 0.3592849 0.4650941 0.4121610 0.4993934 0.4401453 0.4047105 0.4913655 0.4472000 0.4682183 0.5885183 0.5869101 0.5289598 0.3485540 0.3370306 0.3899742 0.3881304 0.3885854 0.4600993 0.4303015 0.4943971 0.4679523 0.4826508 0.5684750 0.5668030 0.4691619 0.4635862 0.4572110 0.4790771 0.4887730 0.4955626 0.4607551 0.4586824 0.4267590 0.5035772 0.4924056 0.5587337 0.6330799 0.5287604 0.5776304 0.4692421 0.4509709 0.4579703 0.4785380 0.5038554 0.6513475 0.6899668 0.6636840 0.4926316 0.6849740 0.6795369 0.5896458 0.6677133 0.6689316 0.6348677 0.6861496 0.6474550 0.7241835 0.6854637 0.5804248 0.8151207 0.7861273 0.8607323 0.6619104 1.0450184 1.0196254 0.7645786 0.7693588 0.6026914 0.6171173 0.8999981 0.7131259 0.5130243 0.6501158 0.7153124 0.7179286 0.4980347 0.6796369 1.1333662 1.3938434 1.1562204 1.1702975 0.6088825 
Santobius_DNA104930  0.5005949 0.2429439 0.3164207 0.3272874 0.3180825 0.3058529 0.3008144 0.2712483 0.3472938 0.0343064 0.0000000 0.3789730 0.3654353 0.3976703 0.4106266 0.4473780 0.3883930 0.4681463 0.4546107 0.4929974 0.4860945 0.4669328 0.6515605 0.3999623 0.4178717 0.5479604 0.5420594 0.5208110 0.4005902 0.3622408 0.3887202 0.3863160 0.3896742 0.4771180 0.4573484 0.4980564 0.4638528 0.4448816 0.6289118 0.6272318 0.4867275 0.5153445 0.5074229 0.5181626 0.5304911 0.5389103 0.4753190 0.4727778 0.4309963 0.5296033 0.4903816 0.5225007 0.6030655 0.5069152 0.5843412 0.5040321 0.4834481 0.4920266 0.5202261 0.5628318 0.6220279 0.6832636 0.7249982 0.4823556 0.6926018 0.7067663 0.5611347 0.6502600 0.6409346 0.6450925 0.6705204 0.6070166 0.6572705 0.6193711 0.5792365 0.9251224 0.8894751 0.9354274 0.6333069 1.1915426 1.1348079 0.7132572 0.7185898 0.5948903 0.6858887 0.9040026 0.7625920 0.4209868 0.5930926 0.6420811 0.6200580 0.4954656 0.6359414 1.2574733 1.4400196 1.2522430 1.2522430 0.5715749 
Hoplobunus           0.4035191 0.3069603 0.3081587 0.2559819 0.2891967 0.2727195 0.3642713 0.3026105 0.3219278 0.3397419 0.3789730 0.0000000 0.3623369 0.3834637 0.4268416 0.3553302 0.3654220 0.4738091 0.3847429 0.4031692 0.4229434 0.4344264 0.4480369 0.5254719 0.4407274 0.7096148 0.7107847 0.6116001 0.3556696 0.3694278 0.4139483 0.3574129 0.4241386 0.4753939 0.4447498 0.5423558 0.4855239 0.5933279 0.6856499 0.6791141 0.6145711 0.5397615 0.5173276 0.4939025 0.5083625 0.5111636 0.5427234 0.5401181 0.5752938 0.4373265 0.5050682 0.5082537 0.6994046 0.5713723 0.5799707 0.4657480 0.4869129 0.5092620 0.4785548 0.5595669 0.6463617 0.6924682 0.6501144 0.6076832 0.6504463 0.6377664 0.6947438 0.7471106 0.7304396 0.7372978 0.7056534 0.7086382 0.7744745 0.8050129 0.6585778 0.8068552 0.7779947 0.8324182 0.6941109 1.1560941 1.0811309 0.8520098 0.8628314 0.4967219 0.7788065 1.0654463 0.7224485 0.4087457 0.5924416 0.6687415 0.6497181 0.5520330 0.6228333 1.1510174 1.2295297 1.2075315 1.2223751 0.6689866 
Scotolemon_lespesi   0.3659589 0.2611631 0.3124734 0.3755495 0.3582293 0.2866277 0.2738342 0.2876760 0.2658468 0.3975201 0.3654353 0.3623369 0.0000000 0.3602264 0.3729544 0.3024141 0.4081631 0.4856749 0.4237841 0.3768686 0.3984330 0.4051644 0.5129834 0.2795792 0.3041538 0.6675050 0.7586634 0.6484351 0.4916627 0.4671625 0.5139949 0.4339186 0.5320141 0.5529991 0.4740832 0.8207428 0.6865175 0.6630945 0.6595930 0.6595930 0.7104603 0.6797758 0.6531709 0.6241098 0.6570417 0.6655403 0.6096418 0.6181973 0.6237907 0.5850228 0.6352643 0.6634857 0.7698509 0.5285992 0.6803723 0.5563388 0.5391697 0.5625806 0.5091469 0.5916050 0.7368507 0.7476152 0.8974685 0.6793685 0.7457222 0.7853983 0.7157015 0.7275886 0.7527147 0.7282448 0.7768283 0.7545010 0.9475995 0.7839332 0.5935923 0.8473332 0.8163052 0.8598605 0.7923084 1.2372271 1.2932538 0.9990049 0.9990049 0.7043438 0.7990698 1.2371145 0.9892976 0.3974355 0.5802448 0.5747183 0.6564477 0.5364462 0.5088908 1.2349476 1.5807401 1.1831076 1.1981022 0.6683770 
IC_DNA104070         0.3142044 0.2911373 0.2610543 0.3141789 0.3058066 0.2452607 0.3103073 0.2902669 0.2505699 0.3580226 0.3976703 0.3834637 0.3602264 0.0000000 0.1723306 0.3497348 0.4028287 0.4421095 0.3669038 0.4109405 0.4587160 0.4385374 0.5566082 0.3345692 0.3883899 0.6726292 0.5783272 0.5578105 0.3753714 0.4429111 0.5203583 0.4373795 0.4924098 0.6012048 0.4628102 0.6528088 0.6307814 0.5810497 0.6160658 0.6160658 0.5624899 0.5683651 0.5495776 0.5579095 0.5692925 0.5723981 0.6506482 0.6472103 0.5181907 0.5012779 0.5356161 0.5766728 0.8398163 0.5130743 0.5649478 0.5744750 0.4579043 0.4711283 0.4541092 0.5440935 0.8276632 0.6468965 0.6573160 0.6638075 0.6945130 0.7508943 0.6476413 0.7266388 0.7177033 0.6939475 0.6921922 0.7026056 0.9621093 0.7851730 0.6368299 0.8786562 0.8426911 0.9400972 0.7107323 1.1352080 1.0688719 0.8125045 0.8125045 0.6286008 0.7085154 1.1733843 0.9313449 0.4888483 0.6082582 0.6294661 0.6967534 0.5883529 0.6331093 1.2840044 1.5199242 1.3350572 1.3523349 0.6901731 
IC_DNA104071         0.3656435 0.2935727 0.3071598 0.3423282 0.3826942 0.2890258 0.3187847 0.2657665 0.2712723 0.3762763 0.4106266 0.4268416 0.3729544 0.1723306 0.0000000 0.3647015 0.4150974 0.4790331 0.3797778 0.3948370 0.4001248 0.3744112 0.5355885 0.3293485 0.3808954 0.7335823 0.5959617 0.6075581 0.4200316 0.4688825 0.4522635 0.4039657 0.4655585 0.5787918 0.5299934 0.6602343 0.6325025 0.6652796 0.6746223 0.6331553 0.5629769 0.5376258 0.5349986 0.5415069 0.5526045 0.5556290 0.5462902 0.5436112 0.4764820 0.4804743 0.5926804 0.5531967 0.8143301 0.5370415 0.5965982 0.5804633 0.5491035 0.5641146 0.5879332 0.5881560 0.8204031 0.7542200 0.7498738 0.6091371 0.7275958 0.7268941 0.7109598 0.7490204 0.7715974 0.7457570 0.7826889 0.7101020 0.9158886 0.8607801 0.6707276 0.9749984 0.9120035 0.9662007 0.7815217 1.1839586 1.1079069 0.9204639 0.9321390 0.6040088 0.7816806 1.1424469 0.8973938 0.5240137 0.6495553 0.6940932 0.6590480 0.5855073 0.6612943 1.3793361 1.8133300 1.1991829 1.2139603 0.6795490 
Baculigerus          0.2734796 0.2769668 0.2552243 0.2829464 0.2997244 0.2224548 0.3313993 0.2604724 0.2697403 0.4007696 0.4473780 0.3553302 0.3024141 0.3497348 0.3647015 0.0000000 0.3941070 0.4781575 0.3801087 0.3478858 0.3471014 0.3154466 0.4821890 0.3233047 0.3748340 0.7078138 0.7650681 0.6851467 0.4427178 0.3703708 0.4589144 0.4441446 0.4755700 0.4573583 0.4695066 0.6703675 0.6104620 0.6466692 0.6938442 0.7060987 0.6905253 0.5243129 0.5017964 0.5249988 0.5156308 0.5177795 0.5551793 0.5600888 0.5884720 0.5379580 0.5552728 0.6426259 0.6267558 0.5296761 0.5541993 0.5083999 0.4773050 0.4881243 0.5072056 0.5419435 0.7184269 0.6821252 0.6922594 0.5912187 0.7420503 0.7535987 0.7038771 0.7811309 0.7878870 0.7478416 0.7425041 0.7397506 0.8991166 0.8167970 0.6257256 0.8245758 0.7914908 0.8943314 0.6961029 0.9494049 0.9065419 0.7689952 0.7689952 0.4788058 0.7076134 0.9655185 0.7412569 0.5818004 0.5026668 0.6623910 0.6186508 0.5491865 0.6300411 1.1815716 1.4971791 1.0513165 1.0641832 0.7868129 
Trionyxella          0.4002138 0.2872492 0.3374514 0.2890456 0.2716417 0.3086476 0.3546287 0.2955255 0.3479350 0.3592849 0.3883930 0.3654220 0.4081631 0.4028287 0.4150974 0.3941070 0.0000000 0.4160461 0.3334587 0.2946165 0.4418860 0.4569183 0.5405986 0.4367513 0.4566028 0.7036648 0.6735179 0.6397812 0.3202051 0.3908493 0.4105569 0.3449010 0.4451684 0.4928255 0.5128197 0.5806373 0.5212255 0.5216361 0.5929956 0.5959420 0.5002084 0.4278052 0.4216246 0.4124058 0.4251637 0.4316154 0.4627215 0.4673634 0.4129112 0.3583594 0.4654560 0.4960476 0.7078701 0.4546090 0.3999081 0.3685423 0.3789314 0.3937286 0.3923131 0.4603503 0.5740647 0.6424402 0.5777361 0.5965741 0.7209615 0.6212219 0.5652665 0.6161336 0.5785305 0.5935754 0.6536589 0.6689523 0.6432968 0.7633359 0.6618549 0.6779163 0.6526245 0.7396346 0.6402859 0.8703489 0.8946541 0.8178172 0.8234932 0.5238205 0.6680964 0.9050795 0.7075006 0.6352149 0.6451347 0.8513951 0.7100120 0.6979628 0.6547112 1.1202436 1.2722122 0.9601125 0.9717868 0.7908669 
Assamiidae_DNA104857 0.4792690 0.4759633 0.5362241 0.4699036 0.4785139 0.4531856 0.4258309 0.3623569 0.3963467 0.4650941 0.4681463 0.4738091 0.4856749 0.4421095 0.4790331 0.4781575 0.4160461 0.0000000 0.2952395 0.3145690 0.5300204 0.5382419 0.7177603 0.5627853 0.5222915 0.8307772 0.7066056 0.6993738 0.4987938 0.5281838 0.6114747 0.5159736 0.6122369 0.6385678 0.5583755 0.6685317 0.5730262 0.6193043 0.6372937 0.6046920 0.6016046 0.4780390 0.4713639 0.5129178 0.5387396 0.5416592 0.5120117 0.5194080 0.4433781 0.5303906 0.4924375 0.6858710 0.6888063 0.4963261 0.4297515 0.3538634 0.3639041 0.3451260 0.3849609 0.4112602 0.7749501 0.7502776 0.7353241 0.7207990 0.8700900 0.7237685 0.6448066 0.7527173 0.7206375 0.7524729 0.7768872 0.7767766 1.0902115 0.9400305 0.6415981 0.8643015 0.7945990 0.8528439 0.9485555 1.1172436 1.0947551 0.9445533 0.9618969 0.7099732 0.7336864 0.9981098 0.7898272 0.6415082 0.7687528 0.7310039 1.0030818 0.6358419 0.6610316 1.1009469 1.3576745 1.0660535 1.0731112 0.8436138 
Paktongius           0.3654556 0.3918882 0.3584619 0.3486049 0.3702755 0.3412625 0.4162416 0.3497607 0.3834482 0.4121610 0.4546107 0.3847429 0.4237841 0.3669038 0.3797778 0.3801087 0.3334587 0.2952395 0.0000000 0.2447650 0.4764014 0.4908191 0.5273685 0.4407680 0.3950504 0.6471398 0.6017636 0.5914215 0.4615665 0.4612179 0.5292681 0.4659194 0.4926807 0.5983132 0.5683206 0.6366316 0.5743818 0.6366415 0.7085776 0.7074710 0.5570264 0.4959167 0.4744168 0.5324867 0.5599065 0.5622705 0.5426819 0.5474338 0.5176041 0.5408013 0.6208563 0.5805501 0.6820711 0.3678714 0.4197328 0.3785898 0.2907327 0.3076037 0.3659867 0.4436577 0.7035427 0.6832862 0.7323832 0.7478618 0.7722660 0.7313044 0.7162595 0.7317068 0.7398521 0.7310014 0.7172280 0.7559392 0.8654813 0.7593988 0.6916321 0.7945994 0.7667925 0.8351581 0.8232816 1.2481108 1.1442115 0.8385690 0.8491931 0.5734039 0.7742558 1.2647174 0.8933322 0.4771253 0.6600967 0.5574407 0.7250606 0.5994606 0.5725775 1.1394507 1.3927857 1.3548632 1.3636503 0.6819146 
Assamiidae_DNA104859 0.3612529 0.3277516 0.3064126 0.3460873 0.3778706 0.3356098 0.3977090 0.3698995 0.3321200 0.4993934 0.4929974 0.4031692 0.3768686 0.4109405 0.3948370 0.3478858 0.2946165 0.3145690 0.2447650 0.0000000 0.4204937 0.4205053 0.6141300 0.4865948 0.4047302 0.7352954 0.6932746 0.6355612 0.4609524 0.4837950 0.4983043 0.4460487 0.5126746 0.6520702 0.5730447 0.6414906 0.5169626 0.6196957 0.7091290 0.6792060 0.6344120 0.5011032 0.4942091 0.5356204 0.5583352 0.5606904 0.4704337 0.4774376 0.5186950 0.4814759 0.5242326 0.6281623 0.7598524 0.3556303 0.3953967 0.3605962 0.2152852 0.2101281 0.4050319 0.4288087 0.7048939 0.7547964 0.7546315 0.5879468 0.7559778 0.7007997 0.6763428 0.7114018 0.7417349 0.7097874 0.7839942 0.7734804 1.0055496 0.7992282 0.5762095 0.7864958 0.7268521 0.7986984 0.7906704 1.1442628 1.0527786 0.8770350 0.8650128 0.6592130 0.7057836 1.1228188 0.8471158 0.5547755 0.6107618 0.7035688 0.7598183 0.6488071 0.5433030 1.1519613 1.3903987 1.1065968 1.1139532 0.7338876 
Haasus_sp            0.4151695 0.3242205 0.4140216 0.3514862 0.4232813 0.3850924 0.3603311 0.3266374 0.3757170 0.4401453 0.4860945 0.4229434 0.3984330 0.4587160 0.4001248 0.3471014 0.4418860 0.5300204 0.4764014 0.4204937 0.0000000 0.0292042 0.4715931 0.4767912 0.4435750 0.6847280 0.7878686 0.6826585 0.5394092 0.5032651 0.5346085 0.4881096 0.5975390 0.5757896 0.4766113 0.8621457 0.7689664 0.6433069 0.5902086 0.5902086 0.6444370 0.5689628 0.5448071 0.5153449 0.5385821 0.5463755 0.5196304 0.5170025 0.5394201 0.5473721 0.4726583 0.7311841 0.8566636 0.4895903 0.6200067 0.5657852 0.5244181 0.5481499 0.5687964 0.6223138 0.8222699 0.7886794 0.7127955 0.7600178 0.7649183 0.7481044 0.8242584 0.8705842 0.8840769 0.8134317 0.8257372 0.8297691 0.9231225 0.8526312 0.6238480 0.7380448 0.7303010 0.7868380 0.7673192 0.9382988 0.9686301 0.9313715 0.9313715 0.4711069 0.7417342 1.1759984 0.8230558 0.6453148 0.5606513 0.7640753 0.7358245 0.6948380 0.7320697 1.0037557 1.3923860 0.9947043 1.0070216 0.8874520 
Haasus_judaeus       0.3982975 0.3400389 0.3869200 0.3594013 0.4263549 0.3517565 0.3494624 0.3226720 0.3582457 0.4047105 0.4669328 0.4344264 0.4051644 0.4385374 0.3744112 0.3154466 0.4569183 0.5382419 0.4908191 0.4205053 0.0292042 0.0000000 0.4501404 0.4551746 0.4753298 0.6964087 0.7692321 0.6793680 0.4931474 0.4572192 0.5117695 0.4511749 0.5710672 0.5368245 0.4489131 0.8488038 0.7487982 0.6368194 0.6235536 0.6235536 0.6270419 0.5502887 0.5242228 0.4889658 0.4945125 0.5028510 0.5154813 0.5125908 0.5435839 0.4996237 0.4488413 0.7164712 0.8213144 0.4803397 0.6334676 0.5727858 0.5109807 0.5365802 0.5920498 0.6290008 0.8057851 0.8122770 0.7449429 0.7513755 0.7073301 0.7169476 0.8270649 0.8807598 0.8777424 0.8277192 0.8333390 0.8185184 0.9164421 0.8643529 0.6494676 0.7534904 0.7566312 0.8587463 0.7239916 0.8551136 0.8588004 0.8922195 0.8922195 0.4998848 0.7775246 1.2193225 0.8408847 0.6250730 0.5534114 0.7315714 0.7497380 0.6625061 0.7160425 0.9718572 1.4445575 1.0151712 1.0287915 0.8651628 
Conomma              0.5229451 0.4648241 0.4671160 0.4595804 0.4244987 0.5149357 0.3989415 0.4810205 0.3943247 0.4913655 0.6515605 0.4480369 0.5129834 0.5566082 0.5355885 0.4821890 0.5405986 0.7177603 0.5273685 0.6141300 0.4715931 0.4501404 0.0000000 0.6267637 0.5674900 0.5221407 0.5270996 0.5344448 0.3380427 0.3353351 0.4026295 0.3747127 0.3797237 0.4075477 0.4165049 0.6285973 0.5325089 0.6719794 0.6230697 0.6005806 0.6324412 0.6215481 0.6001422 0.5088107 0.5315486 0.5396767 0.5556143 0.5499853 0.5179781 0.4482288 0.4304866 0.5434044 0.7236187 0.4683702 0.5448669 0.5189136 0.4518497 0.4629343 0.4976028 0.4661655 0.7888331 0.6262889 0.5968079 0.6960587 0.7243862 0.7163934 0.6897563 0.6835445 0.7063437 0.7125055 0.8735732 0.7581112 0.6669701 0.8503198 0.6295105 0.8703928 0.8665499 0.9399659 0.7689334 0.8883069 0.8215059 0.8372827 0.8423459 0.5056390 0.7580057 1.0406441 0.9362776 0.7129877 0.7030953 0.7909633 1.0849004 0.5645542 0.9645033 1.0671474 1.3431106 1.0821436 1.0967373 0.9514139 
Bishopella           0.3611214 0.3629394 0.3724470 0.4425970 0.4766813 0.3256997 0.3871850 0.3862395 0.4194693 0.4472000 0.3999623 0.5254719 0.2795792 0.3345692 0.3293485 0.3233047 0.4367513 0.5627853 0.4407680 0.4865948 0.4767912 0.4551746 0.6267637 0.0000000 0.3964681 0.7102820 0.7578145 0.7339758 0.5814277 0.5464171 0.5626453 0.4809728 0.5116143 0.5944671 0.5367019 0.8542316 0.7150209 0.6894186 0.7711675 0.7751777 0.7359689 0.7944746 0.7701744 0.7543229 0.7699597 0.7793056 0.7886250 0.7841220 0.7379660 0.5964773 0.6726837 0.6395861 0.9140779 0.5388825 0.6716165 0.6002168 0.6240514 0.6488733 0.5689209 0.7496838 0.7525337 0.7935419 0.8061630 0.7507876 0.7893961 0.7897504 0.7466814 0.7690461 0.7725865 0.7623748 0.7170326 0.7602252 0.8291853 0.7972139 0.7272648 0.8759017 0.8376029 0.8968689 0.8203925 1.2562193 1.2168095 0.9569157 0.9438107 0.5335377 0.8252809 1.2140331 1.1150178 0.4336797 0.6630127 0.6641830 0.5840862 0.4676055 0.5114081 1.4686842 1.8783327 1.2914533 1.2730136 0.7135393 
Scotolemon           0.3914250 0.3430394 0.3374242 0.3494986 0.3955492 0.3635619 0.3521230 0.3187878 0.3524679 0.4682183 0.4178717 0.4407274 0.3041538 0.3883899 0.3808954 0.3748340 0.4566028 0.5222915 0.3950504 0.4047302 0.4435750 0.4753298 0.5674900 0.3964681 0.0000000 0.6325066 0.6661899 0.6144212 0.4880528 0.5034291 0.6280971 0.5478253 0.5988017 0.5657533 0.5449960 0.6997534 0.6483604 0.5973117 0.7813647 0.7813647 0.6101056 0.5491483 0.5423465 0.5958681 0.6078508 0.6110616 0.5590559 0.5666712 0.5897427 0.5793772 0.6511269 0.6123109 0.7979258 0.5504850 0.5874007 0.5572132 0.5522887 0.5592106 0.5552128 0.6871038 0.7572922 0.7553115 0.7802530 0.7664624 0.8817710 0.8754035 0.7778667 0.7128213 0.7548433 0.7516111 0.7778572 0.8198505 0.9200717 0.8332956 0.6783510 0.9061667 0.8562121 0.8899405 0.8095501 1.3964025 1.3310622 0.8588621 0.8588621 0.6747488 0.7914519 1.1201789 1.0650823 0.5273023 0.6357819 0.6265169 0.5712091 0.5274931 0.5303910 1.2193720 1.4138170 1.5412310 1.5511920 0.5888333 
As020_Gab            0.7381133 0.5816993 0.6344185 0.6191983 0.6787106 0.6552541 0.6239614 0.6355342 0.5970022 0.5885183 0.5479604 0.7096148 0.6675050 0.6726292 0.7335823 0.7078138 0.7036648 0.8307772 0.6471398 0.7352954 0.6847280 0.6964087 0.5221407 0.7102820 0.6325066 0.0000000 0.3824308 0.2807601 0.4695834 0.4207768 0.4721375 0.4965084 0.6043167 0.7125050 0.6018448 0.6184543 0.6547630 0.6281878 0.6890428 0.6722248 0.5914808 0.6561051 0.6489908 0.5860027 0.6177018 0.6249863 0.6215434 0.6155490 0.5680855 0.6016104 0.6401366 0.5952727 0.7680318 0.5548524 0.6261528 0.6002792 0.6331142 0.6518929 0.6056537 0.5664827 0.7092648 0.6572957 0.7658495 0.5846432 0.7725348 0.8433780 0.7222391 0.7934958 0.7691836 0.7110382 0.8486667 0.9007147 0.9476579 0.9136221 0.6554893 0.9333282 0.9349812 0.9166712 0.6625038 1.2006506 1.2140192 0.7452293 0.7456135 0.7356747 0.6842107 1.1732152 0.9435294 0.7925775 0.9505404 0.9339212 1.0809783 0.8199503 0.8770427 1.1145237 1.2927531 1.1640790 1.1713258 0.9635415 
As038_Gab            0.7077895 0.6334731 0.6045112 0.5651888 0.6444690 0.6475863 0.6170727 0.5912976 0.5283360 0.5869101 0.5420594 0.7107847 0.7586634 0.5783272 0.5959617 0.7650681 0.6735179 0.7066056 0.6017636 0.6932746 0.7878686 0.7692321 0.5270996 0.7578145 0.6661899 0.3824308 0.0000000 0.2508091 0.4189015 0.4751500 0.5328031 0.4963854 0.5646225 0.6536616 0.4528490 0.6312036 0.5879923 0.6044310 0.7515975 0.7137368 0.5249185 0.5651676 0.5586096 0.5478066 0.5768405 0.5690030 0.5293259 0.5251071 0.5509955 0.5458566 0.5673518 0.6337574 0.8183190 0.6567825 0.6392862 0.6169812 0.6130631 0.6367687 0.5512253 0.4992116 0.7102842 0.7632383 0.7062641 0.5567883 0.6687494 0.7315443 0.6832231 0.7712962 0.7956234 0.7768158 0.7910529 0.7203646 0.6513522 0.9305038 0.7188893 0.9526998 1.0089859 0.9456250 0.7512398 1.0549645 1.0280529 0.6426947 0.6537025 0.7863101 0.7759185 1.0289310 0.8526394 0.9368435 0.8924134 0.8744579 1.0458982 0.9081518 1.0603418 1.0545274 1.1488269 0.9902203 0.9964338 0.9464942 
As041_Gab            0.5888264 0.5594072 0.5888685 0.5332468 0.5895075 0.5688667 0.5224374 0.5298479 0.4385696 0.5289598 0.5208110 0.6116001 0.6484351 0.5578105 0.6075581 0.6851467 0.6397812 0.6993738 0.5914215 0.6355612 0.6826585 0.6793680 0.5344448 0.7339758 0.6144212 0.2807601 0.2508091 0.0000000 0.3821203 0.4129722 0.4797876 0.4797523 0.5678040 0.6758933 0.5421011 0.6935704 0.6442700 0.5902353 0.6556687 0.6403119 0.5753420 0.5421530 0.5356609 0.5666767 0.5770990 0.5691678 0.5278670 0.5295487 0.5345612 0.6000935 0.5922035 0.5427672 0.8716574 0.6645309 0.6037960 0.5695370 0.5737773 0.5912688 0.5721134 0.4790842 0.6810652 0.7877730 0.8365480 0.5126645 0.7704190 0.7351620 0.6772607 0.7603485 0.7360568 0.7756485 0.7515994 0.8596675 0.9224560 0.9494776 0.6814219 0.8881973 0.8803645 0.8886053 0.6921171 1.1154613 1.0766747 0.5797577 0.5802556 0.7313573 0.6599067 1.0044612 0.7677766 0.6803235 0.8255054 0.8784888 1.0869899 0.7823428 0.8920316 1.1439582 1.2325010 1.2124989 1.2200045 0.9889989 
Gnomulus             0.4275509 0.3489064 0.3322951 0.2398723 0.2392172 0.2400324 0.3291506 0.3030817 0.2765545 0.3485540 0.4005902 0.3556696 0.4916627 0.3753714 0.4200316 0.4427178 0.3202051 0.4987938 0.4615665 0.4609524 0.5394092 0.4931474 0.3380427 0.5814277 0.4880528 0.4695834 0.4189015 0.3821203 0.0000000 0.1330366 0.2440788 0.2364951 0.2733522 0.3114094 0.2721101 0.3796212 0.3022346 0.3521454 0.3531914 0.3312966 0.3661063 0.2937515 0.2889635 0.2676105 0.2734730 0.2782626 0.2829828 0.2805303 0.3218251 0.2668675 0.2851607 0.3833124 0.4799857 0.3764502 0.4181918 0.3592112 0.3058876 0.3186053 0.3014658 0.3546977 0.3995886 0.4327115 0.4927919 0.4178418 0.5560465 0.4968428 0.4251063 0.4590512 0.4650174 0.4658643 0.5191204 0.5754849 0.5356613 0.6497486 0.5089030 0.6536147 0.6307829 0.6846383 0.5786807 0.8028635 0.7433946 0.6038863 0.6043482 0.4093487 0.5019164 0.7425762 0.5782606 0.6964033 0.6496375 0.7935541 0.8241528 0.6144695 0.6828499 0.9411058 1.1765923 0.8950584 0.9051615 0.7835644 
Caenoncopus          0.4901926 0.3869663 0.3533194 0.2611000 0.2684770 0.2537986 0.3654634 0.3301668 0.3152125 0.3370306 0.3622408 0.3694278 0.4671625 0.4429111 0.4688825 0.3703708 0.3908493 0.5281838 0.4612179 0.4837950 0.5032651 0.4572192 0.3353351 0.5464171 0.5034291 0.4207768 0.4751500 0.4129722 0.1330366 0.0000000 0.2395204 0.2119854 0.2772777 0.2475783 0.2634907 0.3786005 0.3161766 0.3304449 0.4073768 0.3937077 0.3320728 0.2816210 0.2671126 0.2647378 0.2704462 0.2751201 0.2677378 0.2702379 0.3226634 0.3135751 0.2753489 0.3009675 0.4214102 0.3791279 0.3676954 0.3985435 0.2921720 0.3181726 0.3208041 0.3577706 0.3966215 0.4129787 0.4661905 0.3598927 0.5201873 0.5155062 0.4495271 0.4926865 0.4909089 0.4853319 0.4585214 0.4865001 0.4589523 0.5606265 0.4653219 0.6767247 0.6749622 0.6783984 0.5522430 0.7192275 0.6698342 0.6173955 0.6178437 0.4648582 0.4576080 0.7218772 0.4713360 0.6969444 0.6716566 0.9347843 0.9443533 0.5931811 0.7696594 0.8521964 1.0911967 0.8956807 0.9012841 0.7720860 
As122_Laos           0.4912702 0.3515568 0.2795240 0.4397872 0.3933650 0.3900934 0.4522738 0.4366838 0.4322126 0.3899742 0.3887202 0.4139483 0.5139949 0.5203583 0.4522635 0.4589144 0.4105569 0.6114747 0.5292681 0.4983043 0.5346085 0.5117695 0.4026295 0.5626453 0.6280971 0.4721375 0.5328031 0.4797876 0.2440788 0.2395204 0.0000000 0.1841453 0.1927363 0.3572168 0.3571075 0.3027869 0.2877163 0.3185982 0.4377084 0.4108242 0.3852347 0.3419800 0.3367743 0.3087950 0.3100189 0.3151504 0.3099809 0.3077626 0.3360715 0.3814274 0.3680063 0.3695535 0.4274620 0.3290527 0.4503442 0.4120900 0.3834994 0.4128553 0.4020877 0.3356285 0.4859250 0.5319446 0.5775235 0.3828633 0.5518965 0.5198934 0.4717147 0.5413593 0.5446122 0.5671475 0.5366440 0.5501250 0.6037148 0.6993793 0.4681506 0.5990499 0.6212375 0.6309364 0.5264528 0.7625707 0.7220527 0.6728842 0.6733076 0.4433001 0.5471347 0.7705745 0.5640845 0.5763655 0.6760120 0.7806247 0.9606236 0.6756699 0.7951475 0.8787574 1.2077982 0.8281098 0.8377215 0.9283608 
As123_Viet           0.4183263 0.3393321 0.2748467 0.3826191 0.3338475 0.3571401 0.3478751 0.3539232 0.3236166 0.3881304 0.3863160 0.3574129 0.4339186 0.4373795 0.4039657 0.4441446 0.3449010 0.5159736 0.4659194 0.4460487 0.4881096 0.4511749 0.3747127 0.4809728 0.5478253 0.4965084 0.4963854 0.4797523 0.2364951 0.2119854 0.1841453 0.0000000 0.1936452 0.2589927 0.2727590 0.3933725 0.3196817 0.3625561 0.4725790 0.4610699 0.3109417 0.3254481 0.3203705 0.2835521 0.2814240 0.2861919 0.3298168 0.3268685 0.3333796 0.3619846 0.3377573 0.3503889 0.5109505 0.2998387 0.3644999 0.3417259 0.3125478 0.3250939 0.2783893 0.3584016 0.4264914 0.4938856 0.5051327 0.4007653 0.5678376 0.5849239 0.4980917 0.5118474 0.5281440 0.5217779 0.5306404 0.5884027 0.5694014 0.6092285 0.4611803 0.6101545 0.5885070 0.6409999 0.5918806 0.8248543 0.7754419 0.7000888 0.7005097 0.4636945 0.5325732 0.7685844 0.6235829 0.5792319 0.6213282 0.7901592 0.9243411 0.7192375 0.8093283 0.9057226 1.1926224 0.9140744 0.9027714 0.7563388 
As131_Mala           0.4914292 0.3910200 0.2331186 0.4243678 0.3581773 0.3744685 0.4245186 0.4117937 0.4133836 0.3885854 0.3896742 0.4241386 0.5320141 0.4924098 0.4655585 0.4755700 0.4451684 0.6122369 0.4926807 0.5126746 0.5975390 0.5710672 0.3797237 0.5116143 0.5988017 0.6043167 0.5646225 0.5678040 0.2733522 0.2772777 0.1927363 0.1936452 0.0000000 0.3211892 0.3449634 0.3495678 0.3276992 0.3943447 0.4505017 0.4361447 0.4380878 0.4179140 0.3999437 0.4015286 0.3947325 0.4003547 0.3816302 0.3788132 0.3751735 0.4095544 0.4654733 0.4513921 0.4339588 0.3867022 0.4311395 0.4115597 0.3286083 0.3556294 0.3348680 0.4213350 0.5346616 0.4962554 0.5338295 0.4153636 0.5552379 0.5559471 0.5144579 0.5218086 0.5354065 0.5331548 0.5560541 0.6070826 0.5881344 0.6235522 0.4885877 0.6606555 0.6836546 0.7052929 0.5695342 0.8027740 0.7396255 0.6633545 0.6822488 0.4599053 0.6543591 0.6912159 0.5947116 0.6460048 0.6946101 0.8346441 0.8143822 0.5714355 0.7771189 0.9536690 1.0920103 0.9381932 0.9267517 0.9130789 
As098_Phil           0.5964485 0.4977145 0.4360357 0.4486819 0.3852662 0.4523086 0.4384569 0.4026169 0.4143158 0.4600993 0.4771180 0.4753939 0.5529991 0.6012048 0.5787918 0.4573583 0.4928255 0.6385678 0.5983132 0.6520702 0.5757896 0.5368245 0.4075477 0.5944671 0.5657533 0.7125050 0.6536616 0.6758933 0.3114094 0.2475783 0.3572168 0.2589927 0.3211892 0.0000000 0.2370901 0.4295504 0.3738693 0.4452727 0.4895291 0.4738533 0.4969348 0.4528043 0.4344307 0.4210305 0.4139614 0.4197503 0.4887546 0.4848979 0.4627877 0.4011249 0.3619637 0.4844447 0.5783697 0.4300170 0.4418294 0.4499335 0.4639511 0.4699548 0.4370409 0.4152695 0.5570170 0.5644443 0.5172388 0.5114988 0.6904182 0.6760431 0.5793909 0.6121227 0.6157918 0.5870277 0.6436527 0.6459841 0.6770260 0.5904963 0.5786003 0.6876514 0.7158055 0.7001099 0.6732855 0.9340415 0.7920556 0.7525668 0.7700056 0.4387324 0.5260318 0.7106922 0.6207546 0.8700311 0.7871892 0.9391765 0.9314394 0.6352882 1.0391133 1.0881023 1.4295182 0.9981715 0.9860521 0.9803803 
As105_Phil           0.6498365 0.5085455 0.4386276 0.4073895 0.3953246 0.4393107 0.3501083 0.3529874 0.3595654 0.4303015 0.4573484 0.4447498 0.4740832 0.4628102 0.5299934 0.4695066 0.5128197 0.5583755 0.5683206 0.5730447 0.4766113 0.4489131 0.4165049 0.5367019 0.5449960 0.6018448 0.4528490 0.5421011 0.2721101 0.2634907 0.3571075 0.2727590 0.3449634 0.2370901 0.0000000 0.4122656 0.3617094 0.3865276 0.4073793 0.3788861 0.4108532 0.4054153 0.3878025 0.3639322 0.3750619 0.3807584 0.4328619 0.4294472 0.3743107 0.3854604 0.3549746 0.4560246 0.5190817 0.3790427 0.4586598 0.4190304 0.4229603 0.4552144 0.3642815 0.3936435 0.5323954 0.5327049 0.5424247 0.4957038 0.5525932 0.5367368 0.5454871 0.5498447 0.5508785 0.5622409 0.5797915 0.5390356 0.6289167 0.6765524 0.4867820 0.6106247 0.6311564 0.6259438 0.6118937 0.8599838 0.7697413 0.6050444 0.6151452 0.4783894 0.5429407 0.7229348 0.6180414 0.6678615 0.7908811 0.9936352 1.0396914 0.7287054 1.0675792 0.9104852 1.1746481 0.8887035 0.8942270 0.9506691 
As080_Indo           0.7116458 0.6180173 0.5147004 0.5585915 0.5126941 0.5451941 0.6230131 0.5526545 0.5567676 0.4943971 0.4980564 0.5423558 0.8207428 0.6528088 0.6602343 0.6703675 0.5806373 0.6685317 0.6366316 0.6414906 0.8621457 0.8488038 0.6285973 0.8542316 0.6997534 0.6184543 0.6312036 0.6935704 0.3796212 0.3786005 0.3027869 0.3933725 0.3495678 0.4295504 0.4122656 0.0000000 0.1221364 0.2793522 0.3971919 0.3775169 0.3614445 0.2869855 0.2822854 0.2904112 0.2808811 0.2855559 0.3203617 0.3141636 0.3285516 0.3982935 0.3509579 0.3014809 0.3291179 0.4422813 0.4551535 0.4030026 0.4719729 0.4649009 0.4227200 0.3196589 0.3773922 0.4158510 0.3796164 0.4867337 0.6124472 0.5975031 0.4924724 0.4985671 0.5256510 0.5273523 0.5429066 0.5361647 0.5210635 0.6466518 0.5191023 0.6070858 0.6201832 0.6411578 0.6186574 0.9952031 0.9363798 0.7057295 0.7346027 0.6092081 0.5810711 0.6781213 0.6133230 0.7772297 0.9166865 1.0822051 0.9492205 0.7726015 0.8681259 0.8906396 0.9990746 1.0225224 1.0098531 0.9717096 
As081_Indo           0.5928026 0.5251664 0.4244445 0.5023609 0.4693349 0.4791846 0.5414151 0.4576956 0.4910773 0.4679523 0.4638528 0.4855239 0.6865175 0.6307814 0.6325025 0.6104620 0.5212255 0.5730262 0.5743818 0.5169626 0.7689664 0.7487982 0.5325089 0.7150209 0.6483604 0.6547630 0.5879923 0.6442700 0.3022346 0.3161766 0.2877163 0.3196817 0.3276992 0.3738693 0.3617094 0.1221364 0.0000000 0.2154745 0.3769283 0.3510539 0.3254952 0.2318474 0.2365910 0.2492669 0.2409783 0.2453399 0.2577100 0.2555386 0.2519631 0.3476515 0.3054307 0.2939702 0.3052126 0.3818599 0.4626377 0.3767104 0.3722460 0.3780239 0.3553461 0.2757043 0.3652688 0.5217129 0.4405282 0.4137720 0.5757617 0.6040110 0.4448396 0.4514528 0.5152812 0.4792744 0.4979819 0.4837186 0.4422888 0.5949739 0.4647597 0.5892641 0.5840446 0.6078672 0.6893369 0.8509768 0.7705735 0.7030886 0.7323202 0.5316005 0.5988084 0.7078514 0.5413019 0.6660637 0.7519165 0.9291926 0.8578753 0.6567159 0.7339006 0.8568212 0.9301892 1.0008534 0.9885109 0.8813101 
As133_Indo           0.5825649 0.5997564 0.4971417 0.6063177 0.5526300 0.4805924 0.5755640 0.4729948 0.5481566 0.4826508 0.4448816 0.5933279 0.6630945 0.5810497 0.6652796 0.6466692 0.5216361 0.6193043 0.6366415 0.6196957 0.6433069 0.6368194 0.6719794 0.6894186 0.5973117 0.6281878 0.6044310 0.5902353 0.3521454 0.3304449 0.3185982 0.3625561 0.3943447 0.4452727 0.3865276 0.2793522 0.2154745 0.0000000 0.3486870 0.3363725 0.3667719 0.2945862 0.2799321 0.3137836 0.2997625 0.3045946 0.3219879 0.3239201 0.3171076 0.3568172 0.3202581 0.2769730 0.3598306 0.3857783 0.4569835 0.4060510 0.3955677 0.4129825 0.3425031 0.3682987 0.3423752 0.4549219 0.5296796 0.4771990 0.6238865 0.6270253 0.4742382 0.4714266 0.4773528 0.4805161 0.4864233 0.5320424 0.5917618 0.6012745 0.4734428 0.6670279 0.6351931 0.6594276 0.6434409 0.8175203 0.7961748 0.6789121 0.6793331 0.5283260 0.6680134 0.7547641 0.6375439 0.6466622 0.7743301 0.9825531 1.0385467 0.8093977 0.8822062 0.8519501 1.0752924 0.9906095 0.9968413 0.8701771 
As085_WDus           0.7047232 0.5671381 0.5516365 0.6015655 0.4777802 0.4817499 0.5266801 0.4450997 0.5307435 0.5684750 0.6289118 0.6856499 0.6595930 0.6160658 0.6746223 0.6938442 0.5929956 0.6372937 0.7085776 0.7091290 0.5902086 0.6235536 0.6230697 0.7711675 0.7813647 0.6890428 0.7515975 0.6556687 0.3531914 0.4073768 0.4377084 0.4725790 0.4505017 0.4895291 0.4073793 0.3971919 0.3769283 0.3486870 0.0000000 0.0081751 0.3585965 0.2771048 0.2628334 0.2427530 0.2515969 0.2561769 0.2861238 0.2851508 0.3276082 0.3443678 0.3212532 0.4157667 0.4676229 0.4069610 0.5038807 0.5174104 0.5083146 0.5291552 0.3669632 0.4669502 0.5099504 0.3836593 0.4895731 0.4258399 0.6590872 0.6693526 0.5269480 0.5391531 0.5578889 0.5196776 0.4818885 0.5554997 0.5420664 0.5123140 0.4157647 0.5543863 0.5665029 0.6187582 0.6949701 0.6692512 0.6930837 0.7306331 0.7473568 0.5453654 0.5128730 0.7024781 0.5725436 0.9556063 0.9970349 1.1434769 1.2409440 0.7941806 0.9468771 0.8155435 1.1432513 0.9947190 1.0060140 1.1516005 
