98
Zalmoxis             0.0000000 0.3038789 0.2740465 0.3076600 0.3051922 0.2967829 0.3495118 0.3253531 0.2588179 0.4732176 0.4920897 0.3965225 0.3607191 0.3101824 0.3601423 0.2695152 0.3932714 0.4706769 0.3606794 0.3557429 0.4078145 0.3912879 0.5106012 0.3563134 0.3859712 0.7193465 0.6890795 0.5755746 0.4189245 0.4792015 0.4820200 0.4109715 0.4819479 0.5813963 0.6333533 0.6934760 0.5791018 0.5691031 0.6859181 0.6817128 0.6367379 0.6035082 0.5797936 0.5933842 0.5661332 0.5736310 0.6680729 0.6646022 0.6291894 0.5617806 0.6115724 0.6272830 0.8749501 0.5141748 0.6200788 0.5232416 0.4579606 0.4785003 0.4928392 0.5742015 0.7840107 0.7141029 0.7574802 0.7034313 0.7131215 0.7093219 0.6961360 0.7424093 0.7217964 0.7387804 0.7512650 0.7609976 0.8857719 0.8155310 0.6617072 0.8079419 0.7441240 0.8387087 0.8053624 1.0296439 1.0156742 0.7904692 0.7957159 0.5817522 0.7356802 1.0684987 0.8972762 0.4844028 0.5444566 0.5610408 0.5992604 0.5122446 0.6028398 1.1864818 1.5183707 1.2193826 1.2345004 0.7874367 
Dongmoa              0.3038789 0.0000000 0.2078498 0.2488539 0.2880395 0.2492838 0.2682917 0.2540805 0.2362007 0.2315582 0.2402029 0.3021866 0.2581291 0.2883040 0.2897924 0.2736963 0.2837945 0.4692182 0.3862042 0.3232872 0.3195597 0.3345012 0.4548047 0.3583036 0.3387874 0.5682095 0.6184862 0.5476324 0.3426564 0.3798260 0.3451499 0.3328334 0.3842865 0.4867933 0.4971603 0.6026134 0.5138756 0.5857222 0.5539515 0.5566457 0.5395178 0.4943987 0.4733077 0.4376869 0.4468172 0.4492471 0.4798752 0.4776496 0.4586218 0.4373879 0.4946082 0.5461911 0.6889573 0.4895764 0.5701429 0.5096269 0.4582464 0.4793464 0.4341885 0.4801560 0.7897861 0.7500867 0.6862216 0.5937667 0.7167900 0.6835593 0.6606896 0.6793640 0.7037317 0.6962983 0.6779473 0.7177087 0.7230548 0.7544717 0.5451273 0.7649442 0.7353317 0.8054332 0.7620444 1.0359924 1.0832149 0.8610781 0.8668353 0.5645624 0.5687794 1.0907381 0.7243815 0.4327758 0.5120332 0.6163052 0.5825743 0.5039120 0.4682537 1.3041419 1.3830150 1.2393916 1.2549890 0.6837730 
Tithaeus             0.2740465 0.2078498 0.0000000 0.2565472 0.2243190 0.1853702 0.2713472 0.2803902 0.2549676 0.3033079 0.3122095 0.3039577 0.3084177 0.2583686 0.3033338 0.2525495 0.3331893 0.5280493 0.3540606 0.3028696 0.4074742 0.3807964 0.4571172 0.3662918 0.3333407 0.6194419 0.5899505 0.5764906 0.3274266 0.3476325 0.2758481 0.2712923 0.2303532 0.4277916 0.4305423 0.5032892 0.4166293 0.4873475 0.5398752 0.5368538 0.5425321 0.4522861 0.4460994 0.4307438 0.4231072 0.4246551 0.4280104 0.4261511 0.4468277 0.4373134 0.4886084 0.5082359 0.5792061 0.4379957 0.5220298 0.4758593 0.4030238 0.4224257 0.4527650 0.5043489 0.6248193 0.6654310 0.7285885 0.5248645 0.6029070 0.6068536 0.5755514 0.5501729 0.5669296 0.5616852 0.5704284 0.6300496 0.6765177 0.6737370 0.5311755 0.7357628 0.6844235 0.7535187 0.6587124 0.8780802 0.8412255 0.7491208 0.7541634 0.5236477 0.6227479 0.9647971 0.7108333 0.4572242 0.5263575 0.5689230 0.5537606 0.4526489 0.5800907 0.9969700 1.3291522 1.0788442 1.0920347 0.6959557 
Martensiellus        0.3076600 0.2488539 0.2565472 0.0000000 0.1654958 0.1707537 0.2740412 0.2273892 0.2464895 0.3072830 0.3221048 0.2523789 0.3694067 0.3094639 0.3371531 0.2786330 0.2847299 0.4614900 0.3436566 0.3408369 0.3451482 0.3529236 0.4482486 0.4349090 0.3446472 0.6044884 0.5534629 0.5219703 0.2362968 0.2568440 0.4308530 0.3760104 0.4165311 0.4390293 0.3993807 0.5441283 0.4912055 0.5907603 0.5847229 0.5757929 0.5167924 0.4554981 0.4351316 0.3940702 0.4189652 0.4254102 0.4766868 0.4813996 0.4651066 0.4331810 0.4203008 0.5310718 0.6939332 0.5164043 0.5038459 0.4707895 0.4497306 0.4561991 0.4661548 0.5436644 0.6344818 0.6216338 0.5995298 0.5043639 0.7070046 0.6731314 0.6068210 0.6889612 0.6737546 0.6583830 0.6991804 0.6858378 0.6795981 0.7596307 0.5660437 0.7080072 0.7023711 0.7740338 0.6429672 0.9192666 0.8299913 0.6584350 0.6491988 0.5437723 0.6813173 0.8978884 0.6506088 0.5515674 0.4784920 0.5751837 0.5574123 0.5185485 0.5670264 1.1535245 1.3269489 1.0852384 1.0982724 0.8063451 
Palaeoncopus         0.3051922 0.2880395 0.2243190 0.1654958 0.0000000 0.1819322 0.2919442 0.2410512 0.2813610 0.2724983 0.3132012 0.2848677 0.3524465 0.3018609 0.3762788 0.2944646 0.2682625 0.4706067 0.3645044 0.3720679 0.4149743 0.4177499 0.4148078 0.4672408 0.3899379 0.6614830 0.6290997 0.5769340 0.2361370 0.2643812 0.3858631 0.3282196 0.3514995 0.3768226 0.3872608 0.5001129 0.4585669 0.5393552 0.4664124 0.4614151 0.4759275 0.3891338 0.3832488 0.3848351 0.3930252 0.3991428 0.4361231 0.4406753 0.4796851 0.4110034 0.4452811 0.5009079 0.6383578 0.5053748 0.4760794 0.4233660 0.4098551 0.4028467 0.4104983 0.5158635 0.6114431 0.6149894 0.6045468 0.5327734 0.7173466 0.6649877 0.5451735 0.5946690 0.5757138 0.5818010 0.6480314 0.6279855 0.6611163 0.6799003 0.5712420 0.7346404 0.7085456 0.7695266 0.5917927 0.8736997 0.7847180 0.6887700 0.7114161 0.5474228 0.5934906 0.7223202 0.6685184 0.5374706 0.5867251 0.6182656 0.7023824 0.5413478 0.7057176 1.1614329 1.2148486 0.9680705 0.9797331 0.8102678 
Sandokan             0.2967829 0.2492838 0.1853702 0.1707537 0.1819322 0.0000000 0.2702351 0.2213873 0.2362379 0.2881982 0.3017853 0.2695280 0.2827423 0.2428027 0.2852155 0.2194851 0.3041886 0.4456753 0.3359748 0.3304629 0.3779486 0.3453675 0.5029241 0.3209604 0.3578344 0.6391762 0.6320663 0.5571740 0.2368679 0.2500684 0.3828804 0.3511167 0.3681503 0.4428570 0.4307464 0.5324344 0.4700077 0.4702273 0.4711992 0.4733658 0.5292546 0.4206725 0.4013209 0.4216836 0.4305445 0.4369902 0.4193128 0.4174916 0.4591639 0.3855105 0.4386244 0.4430994 0.5921584 0.4477033 0.4897775 0.4341379 0.4179239 0.4379882 0.4272778 0.5104095 0.5584918 0.5661974 0.5749096 0.5503680 0.5760650 0.5902620 0.5307796 0.5524791 0.5741251 0.5485453 0.5858521 0.6103466 0.6410405 0.6714785 0.5007215 0.7421427 0.6898002 0.7761845 0.6480779 0.9425540 0.9077388 0.7651049 0.7547331 0.4871032 0.5779799 0.8583627 0.6119543 0.4797269 0.5255521 0.5805763 0.5407840 0.4424664 0.5192565 1.0673387 1.3306164 1.1446299 1.1586503 0.6982748 
Glysterus            0.3495118 0.2682917 0.2713472 0.2740412 0.2919442 0.2702351 0.0000000 0.1738662 0.1626330 0.3093246 0.2964019 0.3581681 0.2703424 0.3059828 0.3145883 0.3264964 0.3491472 0.4189115 0.4090865 0.3908667 0.3545014 0.3438246 0.3906912 0.3815504 0.3473466 0.6088888 0.6026746 0.5114942 0.3234763 0.3590035 0.4432694 0.3421281 0.4162602 0.4295379 0.3446714 0.6071737 0.5298684 0.5639418 0.5153659 0.5258714 0.5166963 0.4648019 0.4444265 0.4527761 0.4622776 0.4690388 0.4083749 0.4146638 0.4012844 0.4127054 0.4797986 0.4529290 0.6361580 0.4338716 0.4626084 0.4008347 0.4240849 0.4303107 0.4139370 0.5053479 0.5774350 0.6645269 0.6762177 0.5362847 0.6024762 0.5874154 0.6387712 0.6529322 0.6578202 0.6634160 0.7372713 0.6978451 0.7741637 0.7847723 0.5553715 0.7745298 0.7603229 0.8503096 0.7021341 1.0486032 1.0406055 0.7776170 0.7828037 0.5544814 0.6262605 0.9810187 0.7340675 0.5101579 0.5319607 0.6753128 0.6445503 0.4579505 0.6203881 1.0264033 1.4776702 1.2154637 1.2306575 0.6854348 
Cynortula            0.3253531 0.2540805 0.2803902 0.2273892 0.2410512 0.2213873 0.1738662 0.0000000 0.1786155 0.2745035 0.2680073 0.2986354 0.2845515 0.2872069 0.2629096 0.2575522 0.2919169 0.3574169 0.3449044 0.3638600 0.3223851 0.3179252 0.4707191 0.3810315 0.3158892 0.6206642 0.5775059 0.5190839 0.2982115 0.3248806 0.4287444 0.3480140 0.4042367 0.3948988 0.3468094 0.5390935 0.4484114 0.4633834 0.4362805 0.4317222 0.4919792 0.3719690 0.3577831 0.3771889 0.3853318 0.3914505 0.4273982 0.4319906 0.4049016 0.3886681 0.4172224 0.4978655 0.6463508 0.4395914 0.4876722 0.3966018 0.4123632 0.4243426 0.4033997 0.4686197 0.6586126 0.6063030 0.6517261 0.5333806 0.6164338 0.5966883 0.5773324 0.6111586 0.6027735 0.6057948 0.5754461 0.5799046 0.6679756 0.6855607 0.5158950 0.7281362 0.6797644 0.7629673 0.6664723 0.8662780 0.8471704 0.7237721 0.7237721 0.5155337 0.6799313 0.9386067 0.6626220 0.4926058 0.4402235 0.6528949 0.6377395 0.5538237 0.5979059 0.9846368 1.1793656 1.1772851 1.1918354 0.5859981 
Zygopachylus         0.2588179 0.2362007 0.2549676 0.2464895 0.2813610 0.2362379 0.1626330 0.1786155 0.0000000 0.3263911 0.3423341 0.3166993 0.2630438 0.2473153 0.2680528 0.2659552 0.3424944 0.3909702 0.3777012 0.3270935 0.3696821 0.3521445 0.3869591 0.4128687 0.3483337 0.5837488 0.5173813 0.4311944 0.2727607 0.3105754 0.4243263 0.3185674 0.4058284 0.4066328 0.3537034 0.5438352 0.4810812 0.5375053 0.5199244 0.4984272 0.4864733 0.3941847 0.3883997 0.3950935 0.3900507 0.3960738 0.4454741 0.4434956 0.3987166 0.3970938 0.4548957 0.4601629 0.7097459 0.4310950 0.4939916 0.4147305 0.3775343 0.3961513 0.4113144 0.4031543 0.5809153 0.5752378 0.5634848 0.4923818 0.5725091 0.5832185 0.5927669 0.6271137 0.6496743 0.6381397 0.6798940 0.6605681 0.7470046 0.7406497 0.5408833 0.7759642 0.7423606 0.8318166 0.6291939 0.9621817 0.9207070 0.7211221 0.7303422 0.5717390 0.5943756 0.9455678 0.6869501 0.4835361 0.5118742 0.6214863 0.6156421 0.4323685 0.6342093 1.1484057 1.5336226 1.0838366 1.0969384 0.7154921 
Santobius_DNA104931  0.4732176 0.2315582 0.3033079 0.3072830 0.2724983 0.2881982 0.3093246 0.2745035 0.3263911 0.0000000 0.0342677 0.3340631 0.3912154 0.3530386 0.3707799 0.3937509 0.3544135 0.4569637 0.4060645 0.4898172 0.4319159 0.3970218 0.4801654 0.4398369 0.4608677 0.5754669 0.5733810 0.5177477 0.3418954 0.3307649 0.3829969 0.3808682 0.3819218 0.4509688 0.4215096 0.4831155 0.4581735 0.4724992 0.5553851 0.5537193 0.4603113 0.4548863 0.4486255 0.4692248 0.4786518 0.4852801 0.4506910 0.4486843 0.4189600 0.4920995 0.4806034 0.5457576 0.6172652 0.5187686 0.5648971 0.4600248 0.4417627 0.4486478 0.4695510 0.4934858 0.6360234 0.6733345 0.6467328 0.4821286 0.6695320 0.6639399 0.5774085 0.6521942 0.6530168 0.6208339 0.6720316 0.6336205 0.7078251 0.6693058 0.5675098 0.7939058 0.7652538 0.8370802 0.6477427 1.0130947 0.9895808 0.7458605 0.7501747 0.5884847 0.6024564 0.8769161 0.6958090 0.5043178 0.6336595 0.6979281 0.6995874 0.4881862 0.6634479 1.0991408 1.3492842 1.1225549 1.1361344 0.5962229 
Santobius_DNA104930  0.4920897 0.2402029 0.3122095 0.3221048 0.3132012 0.3017853 0.2964019 0.2680073 0.3423341 0.0342677 0.0000000 0.3726915 0.3599537 0.3912394 0.4042764 0.4393976 0.3823881 0.4598628 0.4469432 0.4832338 0.4773830 0.4583277 0.6342949 0.3930777 0.4113538 0.5361507 0.5296898 0.5093632 0.3924596 0.3555773 0.3819530 0.3788031 0.3826545 0.4667789 0.4470390 0.4865848 0.4536900 0.4358359 0.6137076 0.6120354 0.4769369 0.5055891 0.4978104 0.5070815 0.5190582 0.5272714 0.4652107 0.4627480 0.4231983 0.5163078 0.4784400 0.5109093 0.5889014 0.4973915 0.5707613 0.4936390 0.4736078 0.4820475 0.5097081 0.5505512 0.6082903 0.6671818 0.7059552 0.4720064 0.6771168 0.6902682 0.5490597 0.6344604 0.6248933 0.6300682 0.6565272 0.5938161 0.6418903 0.6049708 0.5659303 0.9000434 0.8649080 0.9095131 0.6203264 1.1538433 1.1005064 0.6953423 0.7001353 0.5813100 0.6682260 0.8803873 0.7438035 0.4145896 0.5792820 0.6275664 0.6047418 0.4849119 0.6208542 1.2179812 1.3938092 1.2145574 1.2145574 0.5604774 
Hoplobunus           0.3965225 0.3021866 0.3039577 0.2523789 0.2848677 0.2695280 0.3581681 0.2986354 0.3166993 0.3340631 0.3726915 0.0000000 0.3566363 0.3767004 0.4184804 0.3497171 0.3594466 0.4648192 0.3787375 0.3961839 0.4144170 0.4248678 0.4361169 0.5154920 0.4338225 0.6922085 0.6934039 0.5985102 0.3488097 0.3624613 0.4059035 0.3508564 0.4152506 0.4639427 0.4348661 0.5293661 0.4754218 0.5795345 0.6668543 0.6600845 0.5999587 0.5279143 0.5060227 0.4825157 0.4968019 0.4995090 0.5301765 0.5276582 0.5614771 0.4274044 0.4939097 0.4967326 0.6812162 0.5602076 0.5663584 0.4554852 0.4761260 0.4979702 0.4685660 0.5469915 0.6309915 0.6741910 0.6316105 0.5918253 0.6340403 0.6221129 0.6765637 0.7258250 0.7097841 0.7170936 0.6882924 0.6902280 0.7552486 0.7822729 0.6414012 0.7836133 0.7552328 0.8080985 0.6766785 1.1183590 1.0476521 0.8287644 0.8392909 0.4853257 0.7561460 1.0315091 0.7020941 0.4023037 0.5791951 0.6506311 0.6331391 0.5392203 0.6075479 1.1165626 1.1920703 1.1688444 1.1831305 0.6545864 
Scotolemon_lespesi   0.3607191 0.2581291 0.3084177 0.3694067 0.3524465 0.2827423 0.2703424 0.2845515 0.2630438 0.3912154 0.3599537 0.3566363 0.0000000 0.3549477 0.3675931 0.2987060 0.4015000 0.4782371 0.4172209 0.3718505 0.3926509 0.3989562 0.5006213 0.2764367 0.3002596 0.6528576 0.7401039 0.6345343 0.4813389 0.4576026 0.5037269 0.4253876 0.5206086 0.5401911 0.4637844 0.7979208 0.6691629 0.6469401 0.6429601 0.6429601 0.6922868 0.6641174 0.6382050 0.6096866 0.6414990 0.6497668 0.5953354 0.6035991 0.6091612 0.5713944 0.6204094 0.6466204 0.7482051 0.5182821 0.6654247 0.5445695 0.5286530 0.5515487 0.4985294 0.5786622 0.7172532 0.7275426 0.8715833 0.6626398 0.7284908 0.7663967 0.6987100 0.7097567 0.7340363 0.7113232 0.7584122 0.7369519 0.9217209 0.7640609 0.5795663 0.8256807 0.7949613 0.8373846 0.7744612 1.1996841 1.2535186 0.9717773 0.9717773 0.6876947 0.7778729 1.1973534 0.9608161 0.3912455 0.5679813 0.5619883 0.6424403 0.5255659 0.4991763 1.1967607 1.5272677 1.1494858 1.1638832 0.6535538 
IC_DNA104070         0.3101824 0.2883040 0.2583686 0.3094639 0.3018609 0.2428027 0.3059828 0.2872069 0.2473153 0.3530386 0.3912394 0.3767004 0.3549477 0.0000000 0.1710546 0.3449645 0.3963235 0.4350700 0.3616850 0.4048511 0.4511725 0.4312305 0.5440792 0.3303468 0.3827530 0.6556976 0.5656074 0.5468031 0.3681364 0.4341727 0.5093210 0.4289507 0.4821538 0.5869131 0.4533401 0.6361601 0.6154475 0.5673682 0.6022344 0.6022344 0.5497387 0.5572219 0.5388926 0.5461156 0.5571589 0.5601704 0.6345101 0.6311960 0.5069268 0.4903627 0.5237365 0.5627901 0.8167377 0.5034410 0.5528023 0.5625550 0.4494599 0.4621818 0.4454484 0.5322550 0.8047971 0.6312163 0.6406077 0.6482322 0.6767321 0.7328761 0.6320415 0.7077076 0.6993292 0.6766410 0.6762689 0.6861776 0.9351515 0.7644491 0.6226495 0.8571124 0.8217896 0.9150810 0.6938244 1.1015736 1.0387382 0.7912866 0.7912866 0.6128925 0.6901398 1.1378108 0.9049214 0.4796316 0.5953406 0.6148964 0.6797790 0.5764848 0.6190603 1.2443828 1.4685395 1.2928490 1.3093919 0.6746046 
IC_DNA104071         0.3601423 0.2897924 0.3033338 0.3371531 0.3762788 0.2852155 0.3145883 0.2629096 0.2680528 0.3707799 0.4042764 0.4184804 0.3675931 0.1710546 0.0000000 0.3588984 0.4077658 0.4707763 0.3738825 0.3883275 0.3932657 0.3681116 0.5228905 0.3248247 0.3750972 0.7159919 0.5831724 0.5943488 0.4117106 0.4588925 0.4425877 0.3960002 0.4560720 0.5647417 0.5189420 0.6420129 0.6165292 0.6485647 0.6573439 0.6173122 0.5504833 0.5266108 0.5240283 0.5291704 0.5399268 0.5428542 0.5330485 0.5304639 0.4663398 0.4697430 0.5775439 0.5395573 0.7912021 0.5258366 0.5831795 0.5680261 0.5376919 0.5521242 0.5742820 0.5755175 0.7973141 0.7334780 0.7284352 0.5950384 0.7092287 0.7094441 0.6928544 0.7286993 0.7503165 0.7259264 0.7623509 0.6928692 0.8913803 0.8362605 0.6547624 0.9472955 0.8862841 0.9373794 0.7624657 1.1471038 1.0745198 0.8948067 0.9061548 0.5885761 0.7602819 1.1070464 0.8717166 0.5145247 0.6343258 0.6758940 0.6440430 0.5729196 0.6466371 1.3360213 1.7488244 1.1617617 1.1760034 0.6639095 
Baculigerus          0.2695152 0.2736963 0.2525495 0.2786330 0.2944646 0.2194851 0.3264964 0.2575522 0.2659552 0.3937509 0.4393976 0.3497171 0.2987060 0.3449645 0.3588984 0.0000000 0.3862714 0.4699872 0.3743896 0.3422068 0.3416760 0.3105777 0.4707154 0.3185288 0.3699272 0.6906392 0.7449024 0.6682154 0.4329057 0.3624745 0.4493615 0.4350314 0.4660688 0.4461283 0.4591792 0.6527027 0.5957839 0.6306891 0.6742759 0.6860259 0.6727307 0.5127516 0.4907899 0.5129453 0.5039201 0.5059295 0.5415809 0.5463852 0.5750870 0.5245755 0.5415589 0.6252823 0.6121022 0.5196964 0.5422652 0.4973371 0.4672761 0.4780660 0.4975134 0.5303994 0.6986336 0.6641584 0.6731657 0.5762831 0.7249813 0.7361847 0.6885286 0.7623021 0.7681881 0.7301912 0.7259324 0.7233651 0.8769208 0.7955089 0.6113816 0.8023653 0.7697048 0.8688983 0.6807812 0.9214475 0.8810189 0.7505083 0.7505083 0.4671154 0.6888231 0.9374592 0.7202584 0.5712852 0.4936138 0.6458270 0.6053364 0.5375015 0.6157092 1.1465132 1.4453863 1.0218049 1.0342370 0.7681661 
Trionyxella          0.3932714 0.2837945 0.3331893 0.2847299 0.2682625 0.3041886 0.3491472 0.2919169 0.3424944 0.3544135 0.3823881 0.3594466 0.4015000 0.3963235 0.4077658 0.3862714 0.0000000 0.4102910 0.3285233 0.2909096 0.4332359 0.4475581 0.5267902 0.4293450 0.4492837 0.6857151 0.6556420 0.6248342 0.3153691 0.3836863 0.4028392 0.3397212 0.4372125 0.4823795 0.5009722 0.5665695 0.5093515 0.5099579 0.5781593 0.5810013 0.4889869 0.4199313 0.4138598 0.4036769 0.4163062 0.4226054 0.4528929 0.4574400 0.4044849 0.3519746 0.4556290 0.4856312 0.6900247 0.4472567 0.3934408 0.3629946 0.3730735 0.3874295 0.3857201 0.4521065 0.5606523 0.6254589 0.5637415 0.5814950 0.7052217 0.6087846 0.5534987 0.6026598 0.5661979 0.5807745 0.6397623 0.6543997 0.6283325 0.7430568 0.6461961 0.6606788 0.6362881 0.7205879 0.6257032 0.8444570 0.8679429 0.7950484 0.8003125 0.5104862 0.6509374 0.8784862 0.6885673 0.6213230 0.6290801 0.8260979 0.6927632 0.6815352 0.6397353 1.0870136 1.2328386 0.9327287 0.9440539 0.7706034 
Assamiidae_DNA104857 0.4706769 0.4692182 0.5280493 0.4614900 0.4706067 0.4456753 0.4189115 0.3574169 0.3909702 0.4569637 0.4598628 0.4648192 0.4782371 0.4350700 0.4707763 0.4699872 0.4102910 0.0000000 0.2915856 0.3112796 0.5193669 0.5269067 0.6987976 0.5532945 0.5140821 0.8099463 0.6896339 0.6834285 0.4882837 0.5168997 0.5982274 0.5050753 0.5986074 0.6227239 0.5458741 0.6504807 0.5588796 0.6047251 0.6221082 0.5905384 0.5880877 0.4683257 0.4617727 0.5015883 0.5269366 0.5297662 0.5007282 0.5078898 0.4348479 0.5174148 0.4815419 0.6687511 0.6710302 0.4862824 0.4224699 0.3482197 0.3577574 0.3393338 0.3782184 0.4041706 0.7538470 0.7309004 0.7144622 0.7020224 0.8457919 0.7057819 0.6292396 0.7329039 0.7021090 0.7333820 0.7572667 0.7568041 1.0585736 0.9131567 0.6234271 0.8404918 0.7723156 0.8291953 0.9231323 1.0823328 1.0607459 0.9176229 0.9343573 0.6917915 0.7144481 0.9675392 0.7678311 0.6290845 0.7492066 0.7108989 0.9739688 0.6217154 0.6468660 1.0682202 1.3137666 1.0346204 1.0412274 0.8230060 
Paktongius           0.3606794 0.3862042 0.3540606 0.3436566 0.3645044 0.3359748 0.4090865 0.3449044 0.3777012 0.4060645 0.4469432 0.3787375 0.4172209 0.3616850 0.3738825 0.3743896 0.3285233 0.2915856 0.0000000 0.2421879 0.4677158 0.4815380 0.5147236 0.4338695 0.3902427 0.6332278 0.5877320 0.5795971 0.4522250 0.4516466 0.5181922 0.4561352 0.4820708 0.5823660 0.5544067 0.6190042 0.5600839 0.6211826 0.6889793 0.6878756 0.5443879 0.4855817 0.4645901 0.5202214 0.5466891 0.5489032 0.5303670 0.5350161 0.5065260 0.5280029 0.6051239 0.5663363 0.6643395 0.3620717 0.4121974 0.3724914 0.2863431 0.3029117 0.3589987 0.4348917 0.6864974 0.6649771 0.7107997 0.7271995 0.7519322 0.7133758 0.6986567 0.7123549 0.7203438 0.7126047 0.7004662 0.7369454 0.8429350 0.7390774 0.6742605 0.7741413 0.7471055 0.8131571 0.8022213 1.2072541 1.1081501 0.8158293 0.8261590 0.5590962 0.7530413 1.2229570 0.8672826 0.4691260 0.6445155 0.5453985 0.7076387 0.5868891 0.5614526 1.1069269 1.3464223 1.3107524 1.3189975 0.6674971 
Assamiidae_DNA104859 0.3557429 0.3232872 0.3028696 0.3408369 0.3720679 0.3304629 0.3908667 0.3638600 0.3270935 0.4898172 0.4832338 0.3961839 0.3718505 0.4048511 0.3883275 0.3422068 0.2909096 0.3112796 0.2421879 0.0000000 0.4136455 0.4131770 0.5989028 0.4788057 0.3982274 0.7166505 0.6749536 0.6204880 0.4505934 0.4729584 0.4881193 0.4370401 0.5018640 0.6342108 0.5589506 0.6231951 0.5041464 0.6056766 0.6899210 0.6617291 0.6184796 0.4897496 0.4829909 0.5228898 0.5449227 0.5471287 0.4599309 0.4667150 0.5075759 0.4697922 0.5114821 0.6122558 0.7399249 0.3499001 0.3881339 0.3544221 0.2124218 0.2073358 0.3972012 0.4207784 0.6857101 0.7330688 0.7318047 0.5730977 0.7360485 0.6828576 0.6593177 0.6925717 0.7219944 0.6915704 0.7646906 0.7546552 0.9773714 0.7770801 0.5625936 0.7648729 0.7068200 0.7763382 0.7704089 1.1075757 1.0209829 0.8515956 0.8399294 0.6416192 0.6850446 1.0861507 0.8223071 0.5444348 0.5960270 0.6846037 0.7388420 0.6340327 0.5315938 1.1184409 1.3456422 1.0745673 1.0814492 0.7152041 
Haasus_sp            0.4078145 0.3195597 0.4074742 0.3451482 0.4149743 0.3779486 0.3545014 0.3223851 0.3696821 0.4319159 0.4773830 0.4144170 0.3926509 0.4511725 0.3932657 0.3416760 0.4332359 0.5193669 0.4677158 0.4136455 0.0000000 0.0291543 0.4599793 0.4679276 0.4357901 0.6679259 0.7670755 0.6675358 0.5253938 0.4910828 0.5202925 0.4765648 0.5826400 0.5606943 0.4650998 0.8351619 0.7469479 0.6258433 0.5739322 0.5739322 0.6267071 0.5554970 0.5319339 0.5022398 0.5247694 0.5323618 0.5052886 0.5027615 0.5258469 0.5331632 0.4603505 0.7110078 0.8298601 0.4793700 0.6053195 0.5528884 0.5127125 0.5359002 0.5553021 0.6073390 0.7980482 0.7637411 0.6910955 0.7392195 0.7452360 0.7293257 0.8026707 0.8465579 0.8594356 0.7913642 0.8039449 0.8073621 0.8985415 0.8285718 0.6073602 0.7159581 0.7087799 0.7622529 0.7471507 0.9094935 0.9390691 0.9040601 0.9040601 0.4593339 0.7203230 1.1368274 0.7982766 0.6316746 0.5491653 0.7433283 0.7162977 0.6768417 0.7136770 0.9723132 1.3454571 0.9650028 0.9769470 0.8646208 
Haasus_judaeus       0.3912879 0.3345012 0.3807964 0.3529236 0.4177499 0.3453675 0.3438246 0.3179252 0.3521445 0.3970218 0.4583277 0.4248678 0.3989562 0.4312305 0.3681116 0.3105777 0.4475581 0.5269067 0.4815380 0.4131770 0.0291543 0.0000000 0.4392885 0.4470509 0.4668550 0.6788776 0.7486536 0.6641168 0.4805297 0.4464186 0.4977830 0.4407402 0.5566627 0.5231478 0.4380376 0.8214615 0.7265376 0.6189964 0.6052496 0.6052496 0.6099536 0.5367139 0.5113052 0.4754081 0.4811228 0.4892408 0.5003017 0.4975291 0.5282816 0.4866463 0.4373060 0.6966383 0.7952773 0.4700931 0.6179778 0.5592412 0.4995358 0.5245425 0.5772556 0.6129658 0.7815078 0.7862508 0.7214115 0.7307408 0.6900638 0.6995627 0.8054972 0.8560880 0.8534627 0.8052871 0.8112706 0.7965491 0.8926287 0.8402298 0.6320049 0.7302080 0.7336857 0.8313816 0.7050505 0.8288364 0.8324760 0.8669237 0.8669237 0.4870325 0.7547149 1.1783770 0.8146325 0.6112075 0.5416465 0.7120174 0.7290051 0.6459916 0.6985545 0.9420303 1.3949721 0.9851168 0.9982916 0.8428750 
Conomma              0.5106012 0.4548047 0.4571172 0.4482486 0.4148078 0.5029241 0.3906912 0.4707191 0.3869591 0.4801654 0.6342949 0.4361169 0.5006213 0.5440792 0.5228905 0.4707154 0.5267902 0.6987976 0.5147236 0.5989028 0.4599793 0.4392885 0.0000000 0.6125457 0.5558069 0.5117836 0.5160039 0.5249619 0.3319765 0.3306308 0.3940415 0.3681884 0.3725143 0.3999632 0.4084043 0.6119733 0.5200036 0.6544273 0.6066105 0.5845926 0.6180614 0.6057628 0.5850352 0.4965455 0.5185300 0.5264390 0.5414111 0.5360676 0.5044097 0.4397763 0.4219934 0.5309587 0.7028405 0.4595733 0.5335164 0.5072594 0.4441157 0.4551816 0.4869735 0.4574684 0.7665261 0.6106614 0.5809702 0.6760874 0.7075884 0.6983542 0.6744607 0.6686880 0.6896179 0.6969760 0.8519046 0.7411913 0.6538000 0.8288865 0.6162423 0.8453303 0.8412472 0.9115901 0.7488931 0.8625307 0.7995517 0.8154063 0.8202742 0.4932408 0.7393870 1.0092205 0.9075507 0.6938170 0.6833241 0.7654111 1.0496897 0.5524558 0.9348339 1.0358993 1.2990719 1.0497711 1.0638630 0.9239476 
Bishopella           0.3563134 0.3583036 0.3662918 0.4349090 0.4672408 0.3209604 0.3815504 0.3810315 0.4128687 0.4398369 0.3930777 0.5154920 0.2764367 0.3303468 0.3248247 0.3185288 0.4293450 0.5532945 0.4338695 0.4788057 0.4679276 0.4470509 0.6125457 0.0000000 0.3903529 0.6947620 0.7397556 0.7182903 0.5689226 0.5344202 0.5508236 0.4715133 0.5015098 0.5801385 0.5242918 0.8298883 0.6971850 0.6711148 0.7499121 0.7540839 0.7172051 0.7744255 0.7508090 0.7344399 0.7495418 0.7585972 0.7668788 0.7625494 0.7187777 0.5825842 0.6560426 0.6231842 0.8880369 0.5284925 0.6572242 0.5885988 0.6122081 0.6364446 0.5572005 0.7327672 0.7324371 0.7718314 0.7839677 0.7324523 0.7710103 0.7716450 0.7293809 0.7498313 0.7534507 0.7439688 0.7007001 0.7424423 0.8085056 0.7767638 0.7087980 0.8533083 0.8161053 0.8728538 0.8011342 1.2163394 1.1794043 0.9295183 0.9168252 0.5205058 0.8020618 1.1760202 1.0803129 0.4261323 0.6484768 0.6482348 0.5709407 0.4595195 0.5025365 1.4210287 1.8086074 1.2520181 1.2343886 0.6978253 
Scotolemon           0.3859712 0.3387874 0.3333407 0.3446472 0.3899379 0.3578344 0.3473466 0.3158892 0.3483337 0.4608677 0.4113538 0.4338225 0.3002596 0.3827530 0.3750972 0.3699272 0.4492837 0.5140821 0.3902427 0.3982274 0.4357901 0.4668550 0.5558069 0.3903529 0.0000000 0.6202303 0.6527342 0.6030384 0.4793499 0.4934417 0.6149579 0.5365170 0.5859852 0.5530602 0.5330155 0.6835644 0.6338429 0.5852529 0.7622288 0.7622288 0.5975130 0.5395637 0.5328847 0.5839869 0.5953708 0.5984909 0.5476668 0.5550363 0.5780596 0.5670474 0.6351134 0.5997512 0.7772487 0.5405674 0.5760404 0.5471760 0.5416868 0.5484407 0.5438904 0.6733771 0.7392039 0.7361856 0.7598944 0.7462442 0.8591048 0.8531400 0.7587686 0.6956136 0.7364497 0.7335990 0.7593217 0.7998295 0.8971038 0.8111980 0.6625135 0.8828004 0.8344668 0.8666507 0.7902470 1.3500468 1.2884363 0.8364621 0.8364621 0.6583105 0.7704473 1.0863289 1.0329285 0.5181192 0.6215313 0.6138339 0.5589020 0.5169625 0.5196589 1.1826821 1.3682694 1.4886528 1.4980125 0.5776267 
As020_Gab            0.7193465 0.5682095 0.6194419 0.6044884 0.6614830 0.6391762 0.6088888 0.6206642 0.5837488 0.5754669 0.5361507 0.6922085 0.6528576 0.6556976 0.7159919 0.6906392 0.6857151 0.8099463 0.6332278 0.7166505 0.6679259 0.6788776 0.5117836 0.6947620 0.6202303 0.0000000 0.3766678 0.2779005 0.4604130 0.4146827 0.4631792 0.4866388 0.5918608 0.6966820 0.5893373 0.6056735 0.6397758 0.6145519 0.6712318 0.6549948 0.5793491 0.6420805 0.6351141 0.5735892 0.6042670 0.6113554 0.6078922 0.6020827 0.5558580 0.5894865 0.6266358 0.5836255 0.7501951 0.5447586 0.6139451 0.5883646 0.6206496 0.6386867 0.5929451 0.5562799 0.6941923 0.6420535 0.7471622 0.5732213 0.7555539 0.8239776 0.7075735 0.7760978 0.7516488 0.6962598 0.8292472 0.8801445 0.9245772 0.8916756 0.6411275 0.9092518 0.9107350 0.8931490 0.6483300 1.1661038 1.1789570 0.7277263 0.7282069 0.7155943 0.6677411 1.1385379 0.9174152 0.7725723 0.9230965 0.9063995 1.0488776 0.7996745 0.8542909 1.0832414 1.2539082 1.1309775 1.1377631 0.9366816 
As038_Gab            0.6890795 0.6184862 0.5899505 0.5534629 0.6290997 0.6320663 0.6026746 0.5775059 0.5173813 0.5733810 0.5296898 0.6934039 0.7401039 0.5656074 0.5831724 0.7449024 0.6556420 0.6896339 0.5877320 0.6749536 0.7670755 0.7486536 0.5160039 0.7397556 0.6527342 0.3766678 0.0000000 0.2481496 0.4119854 0.4676411 0.5221696 0.4867680 0.5525096 0.6388534 0.4438678 0.6178524 0.5752450 0.5913172 0.7324656 0.6959602 0.5142391 0.5536967 0.5472605 0.5370737 0.5652380 0.5576058 0.5190964 0.5150597 0.5394083 0.5350505 0.5570695 0.6201476 0.7982562 0.6427611 0.6258726 0.6041248 0.6006365 0.6238788 0.5389250 0.4891427 0.6936621 0.7441101 0.6896327 0.5453071 0.6547203 0.7155198 0.6680415 0.7530078 0.7758441 0.7580239 0.7723340 0.7035801 0.6375869 0.9065398 0.7014761 0.9264405 0.9811999 0.9187175 0.7332448 1.0235372 0.9988277 0.6292908 0.6400228 0.7656576 0.7562312 0.9998707 0.8307513 0.9108628 0.8670787 0.8484701 1.0156202 0.8829339 1.0301136 1.0241945 1.1147670 0.9632605 0.9690626 0.9207192 
As041_Gab            0.5755746 0.5476324 0.5764906 0.5219703 0.5769340 0.5571740 0.5114942 0.5190839 0.4311944 0.5177477 0.5093632 0.5985102 0.6345343 0.5468031 0.5943488 0.6682154 0.6248342 0.6834285 0.5795971 0.6204880 0.6675358 0.6641168 0.5249619 0.7182903 0.6030384 0.2779005 0.2481496 0.0000000 0.3763972 0.4072403 0.4716118 0.4712654 0.5573785 0.6609725 0.5321518 0.6782715 0.6301776 0.5784837 0.6410712 0.6262248 0.5645866 0.5318324 0.5254641 0.5555806 0.5657044 0.5579857 0.5178359 0.5195022 0.5245509 0.5885258 0.5802063 0.5330289 0.8492520 0.6513296 0.5914722 0.5589236 0.5634927 0.5803226 0.5610803 0.4710174 0.6653011 0.7679900 0.8155252 0.5029750 0.7535134 0.7191188 0.6627869 0.7431712 0.7189195 0.7577179 0.7353362 0.8390852 0.9011043 0.9255624 0.6660440 0.8654638 0.8581329 0.8655034 0.6772570 1.0840992 1.0467486 0.5682372 0.5688020 0.7132672 0.6449603 0.9770428 0.7484681 0.6654906 0.8029536 0.8529681 1.0548319 0.7629705 0.8695611 1.1121029 1.1965889 1.1775378 1.1845628 0.9621803 
Gnomulus             0.4189245 0.3426564 0.3274266 0.2362968 0.2361370 0.2368679 0.3234763 0.2982115 0.2727607 0.3418954 0.3924596 0.3488097 0.4813389 0.3681364 0.4117106 0.4329057 0.3153691 0.4882837 0.4522250 0.4505934 0.5253938 0.4805297 0.3319765 0.5689226 0.4793499 0.4604130 0.4119854 0.3763972 0.0000000 0.1322877 0.2415629 0.2343159 0.2700232 0.3076072 0.2684823 0.3734876 0.2981618 0.3470759 0.3472481 0.3259333 0.3606042 0.2902286 0.2855097 0.2639867 0.2697347 0.2744390 0.2786726 0.2762968 0.3167532 0.2634680 0.2816168 0.3770749 0.4699507 0.3711480 0.4115852 0.3536175 0.3009710 0.3132965 0.2977695 0.3496957 0.3926857 0.4238861 0.4824163 0.4098148 0.5469120 0.4891879 0.4184752 0.4513921 0.4570071 0.4575464 0.5104423 0.5642929 0.5272365 0.6358656 0.4994401 0.6389528 0.6169474 0.6685715 0.5679064 0.7820839 0.7257284 0.5922764 0.5928055 0.4014007 0.4923102 0.7250089 0.5659769 0.6800000 0.6313464 0.7681894 0.7991192 0.5989056 0.6650724 0.9161951 1.1409254 0.8727715 0.8825770 0.7633975 
Caenoncopus          0.4792015 0.3798260 0.3476325 0.2568440 0.2643812 0.2500684 0.3590035 0.3248806 0.3105754 0.3307649 0.3555773 0.3624613 0.4576026 0.4341727 0.4588925 0.3624745 0.3836863 0.5168997 0.4516466 0.4729584 0.4910828 0.4464186 0.3306308 0.5344202 0.4934417 0.4146827 0.4676411 0.4072403 0.1322877 0.0000000 0.2372793 0.2101279 0.2739029 0.2447155 0.2607433 0.3724486 0.3114927 0.3260352 0.4008364 0.3875123 0.3280387 0.2782910 0.2640212 0.2615925 0.2671983 0.2717945 0.2639931 0.2664751 0.3179923 0.3091268 0.2723512 0.2970823 0.4143513 0.3746862 0.3623373 0.3924457 0.2882628 0.3138376 0.3170121 0.3531440 0.3902339 0.4057542 0.4573461 0.3542187 0.5119343 0.5074123 0.4432743 0.4846582 0.4824310 0.4774733 0.4517318 0.4785168 0.4526064 0.5503200 0.4575324 0.6611324 0.6593073 0.6623877 0.5420165 0.7024569 0.6546256 0.6060467 0.6065630 0.4560368 0.4495894 0.7063536 0.4629064 0.6800351 0.6539520 0.9050284 0.9143570 0.5783415 0.7485356 0.8321647 1.0614394 0.8740362 0.8792475 0.7524214 
As122_Laos           0.4820200 0.3451499 0.2758481 0.4308530 0.3858631 0.3828804 0.4432694 0.4287444 0.4243263 0.3829969 0.3819530 0.4059035 0.5037269 0.5093210 0.4425877 0.4493615 0.4028392 0.5982274 0.5181922 0.4881193 0.5202925 0.4977830 0.3940415 0.5508236 0.6149579 0.4631792 0.5221696 0.4716118 0.2415629 0.2372793 0.0000000 0.1828847 0.1909986 0.3521953 0.3518753 0.2984928 0.2845836 0.3144238 0.4291068 0.4030354 0.3793430 0.3367321 0.3316128 0.3040661 0.3052712 0.3103029 0.3047728 0.3026550 0.3299587 0.3753462 0.3624947 0.3633618 0.4195657 0.3253392 0.4422920 0.4055419 0.3784082 0.4072564 0.3970916 0.3308522 0.4770455 0.5206442 0.5631268 0.3764553 0.5426183 0.5111750 0.4637531 0.5305836 0.5335566 0.5556161 0.5279321 0.5403299 0.5926493 0.6851583 0.4601210 0.5861925 0.6079648 0.6173299 0.5167226 0.7451621 0.7059200 0.6598323 0.6603347 0.4350121 0.5357407 0.7515300 0.5528278 0.5645389 0.6588954 0.7575239 0.9318815 0.6583241 0.7742995 0.8581756 1.1728539 0.8078681 0.8172306 0.9037684 
As123_Viet           0.4109715 0.3328334 0.2712923 0.3760104 0.3282196 0.3511167 0.3421281 0.3480140 0.3185674 0.3808682 0.3788031 0.3508564 0.4253876 0.4289507 0.3960002 0.4350314 0.3397212 0.5050753 0.4561352 0.4370401 0.4765648 0.4407402 0.3681884 0.4715133 0.5365170 0.4866388 0.4867680 0.4712654 0.2343159 0.2101279 0.1828847 0.0000000 0.1919587 0.2562117 0.2690994 0.3870012 0.3155190 0.3573605 0.4635659 0.4524086 0.3068593 0.3210902 0.3160911 0.2802253 0.2782955 0.2829856 0.3245036 0.3216477 0.3279516 0.3567212 0.3336149 0.3456057 0.5013173 0.2968351 0.3593826 0.3375466 0.3085669 0.3207515 0.2754307 0.3538790 0.4195941 0.4846766 0.4956418 0.3942533 0.5576740 0.5750086 0.4894402 0.5020956 0.5177386 0.5118709 0.5212141 0.5765006 0.5586854 0.5966076 0.4530952 0.5971297 0.5762337 0.6264547 0.5812082 0.8054114 0.7581264 0.6843064 0.6848159 0.4554646 0.5217956 0.7499712 0.6104827 0.5659761 0.6058655 0.7660684 0.8962469 0.7007332 0.7874310 0.8832859 1.1583503 0.8911252 0.8801555 0.7379723 
As131_Mala           0.4819479 0.3842865 0.2303532 0.4165311 0.3514995 0.3681503 0.4162602 0.4042367 0.4058284 0.3819218 0.3826545 0.4152506 0.5206086 0.4821538 0.4560720 0.4660688 0.4372125 0.5986074 0.4820708 0.5018640 0.5826400 0.5566627 0.3725143 0.5015098 0.5859852 0.5918608 0.5525096 0.5573785 0.2700232 0.2739029 0.1909986 0.1919587 0.0000000 0.3168246 0.3392475 0.3439584 0.3230835 0.3879606 0.4424634 0.4283032 0.4306026 0.4102090 0.3926211 0.3945668 0.3879706 0.3934750 0.3747219 0.3720317 0.3687123 0.4025420 0.4568679 0.4435031 0.4267512 0.3814935 0.4246914 0.4053590 0.3244907 0.3510728 0.3300349 0.4147092 0.5250045 0.4860802 0.5212395 0.4092196 0.5455635 0.5453714 0.5042151 0.5110874 0.5237927 0.5222366 0.5458234 0.5940126 0.5765222 0.6100148 0.4805715 0.6453067 0.6675690 0.6887461 0.5585943 0.7828516 0.7220544 0.6492844 0.6676177 0.4518596 0.6399808 0.6756448 0.5827847 0.6312658 0.6770920 0.8092106 0.7907506 0.5579102 0.7561415 0.9289550 1.0604111 0.9140621 0.9029691 0.8879719 
As098_Phil           0.5813963 0.4867933 0.4277916 0.4390293 0.3768226 0.4428570 0.4295379 0.3948988 0.4066328 0.4509688 0.4667789 0.4639427 0.5401911 0.5869131 0.5647417 0.4461283 0.4823795 0.6227239 0.5823660 0.6342108 0.5606943 0.5231478 0.3999632 0.5801385 0.5530602 0.6966820 0.6388534 0.6609725 0.3076072 0.2447155 0.3521953 0.2562117 0.3168246 0.0000000 0.2339270 0.4213615 0.3674990 0.4370266 0.4796573 0.4644251 0.4875523 0.4445411 0.4265683 0.4129675 0.4061209 0.4117803 0.4781169 0.4744431 0.4533072 0.3947255 0.3563427 0.4738661 0.5651059 0.4231833 0.4323699 0.4409903 0.4544850 0.4603482 0.4291975 0.4084940 0.5450529 0.5518461 0.5048019 0.5003942 0.6754485 0.6616189 0.5668596 0.5983730 0.6015404 0.5743872 0.6298114 0.6302589 0.6624933 0.5780640 0.5659837 0.6698985 0.6972252 0.6815444 0.6585785 0.9068255 0.7708059 0.7350295 0.7520241 0.4308161 0.5141982 0.6919748 0.6054860 0.8452234 0.7647653 0.9089964 0.9001604 0.6185444 1.0052275 1.0566007 1.3811713 0.9698089 0.9580935 0.9525826 
As105_Phil           0.6333533 0.4971603 0.4305423 0.3993807 0.3872608 0.4307464 0.3446714 0.3468094 0.3537034 0.4215096 0.4470390 0.4348661 0.4637844 0.4533401 0.5189420 0.4591792 0.5009722 0.5458741 0.5544067 0.5589506 0.4650998 0.4380376 0.4084043 0.5242918 0.5330155 0.5893373 0.4438678 0.5321518 0.2684823 0.2607433 0.3518753 0.2690994 0.3392475 0.2339270 0.0000000 0.4042651 0.3552144 0.3797491 0.3993944 0.3716956 0.4031622 0.3986715 0.3814148 0.3568894 0.3679254 0.3734962 0.4233695 0.4201224 0.3672473 0.3784242 0.3492887 0.4465049 0.5071457 0.3728855 0.4495814 0.4112631 0.4148127 0.4464043 0.3579906 0.3867820 0.5206070 0.5196442 0.5294110 0.4857946 0.5426562 0.5274440 0.5352323 0.5382591 0.5395913 0.5501784 0.5688109 0.5288328 0.6179107 0.6610752 0.4765390 0.5951829 0.6152444 0.6096976 0.5989872 0.8361219 0.7501662 0.5931881 0.6030489 0.4684451 0.5302503 0.7049470 0.6038493 0.6516312 0.7677732 0.9609122 1.0060217 0.7088160 1.0337291 0.8864428 1.1396881 0.8655946 0.8707296 0.9225516 
As080_Indo           0.6934760 0.6026134 0.5032892 0.5441283 0.5001129 0.5324344 0.6071737 0.5390935 0.5438352 0.4831155 0.4865848 0.5293661 0.7979208 0.6361601 0.6420129 0.6527027 0.5665695 0.6504807 0.6190042 0.6231951 0.8351619 0.8214615 0.6119733 0.8298883 0.6835644 0.6056735 0.6178524 0.6782715 0.3734876 0.3724486 0.2984928 0.3870012 0.3439584 0.4213615 0.4042651 0.0000000 0.1215443 0.2763695 0.3907694 0.3716435 0.3564044 0.2831877 0.2785536 0.2864784 0.2773529 0.2819513 0.3157970 0.3097141 0.3233359 0.3911757 0.3450499 0.2973419 0.3251318 0.4351440 0.4464917 0.3962237 0.4629652 0.4560616 0.4158227 0.3153401 0.3718745 0.4088366 0.3736894 0.4778819 0.6005915 0.5848578 0.4834854 0.4894994 0.5149326 0.5166283 0.5324582 0.5259292 0.5117286 0.6323240 0.5080726 0.5939143 0.6062709 0.6269812 0.6061522 0.9655461 0.9099284 0.6888839 0.7169102 0.5945382 0.5674617 0.6637095 0.6003373 0.7563689 0.8870798 1.0461770 0.9168882 0.7511099 0.8411643 0.8671389 0.9715051 0.9942933 0.9820215 0.9434884 
As081_Indo           0.5791018 0.5138756 0.4166293 0.4912055 0.4585669 0.4700077 0.5298684 0.4484114 0.4810812 0.4581735 0.4536900 0.4754218 0.6691629 0.6154475 0.6165292 0.5957839 0.5093515 0.5588796 0.5600839 0.5041464 0.7469479 0.7265376 0.5200036 0.6971850 0.6338429 0.6397758 0.5752450 0.6301776 0.2981618 0.3114927 0.2845836 0.3155190 0.3230835 0.3674990 0.3552144 0.1215443 0.0000000 0.2135185 0.3714390 0.3461707 0.3213017 0.2291976 0.2338546 0.2463249 0.2383595 0.2426585 0.2539874 0.2518817 0.2481860 0.3418506 0.3013229 0.2898215 0.3015375 0.3764037 0.4541138 0.3704609 0.3659916 0.3716832 0.3504642 0.2722219 0.3594231 0.5118017 0.4327738 0.4068371 0.5647701 0.5920448 0.4367497 0.4431399 0.5042521 0.4698959 0.4882615 0.4743992 0.4349491 0.5820963 0.4550855 0.5762869 0.5710557 0.5938320 0.6742493 0.8267004 0.7507152 0.6859234 0.7142963 0.5210713 0.5852199 0.6910793 0.5296631 0.6499131 0.7294855 0.8992108 0.8298280 0.6398784 0.7137263 0.8356518 0.9062563 0.9726977 0.9607419 0.8581322 
As133_Indo           0.5691031 0.5857222 0.4873475 0.5907603 0.5393552 0.4702273 0.5639418 0.4633834 0.5375053 0.4724992 0.4358359 0.5795345 0.6469401 0.5673682 0.6485647 0.6306891 0.5099579 0.6047251 0.6211826 0.6056766 0.6258433 0.6189964 0.6544273 0.6711148 0.5852529 0.6145519 0.5913172 0.5784837 0.3470759 0.3260352 0.3144238 0.3573605 0.3879606 0.4370266 0.3797491 0.2763695 0.2135185 0.0000000 0.3434949 0.3314661 0.3615726 0.2907807 0.2763675 0.3092517 0.2955888 0.3003359 0.3175149 0.3192519 0.3126575 0.3507824 0.3152308 0.2729306 0.3540652 0.3811014 0.4491396 0.3998480 0.3897542 0.4068602 0.3382188 0.3629891 0.3374283 0.4475657 0.5186650 0.4693787 0.6119850 0.6150174 0.4655643 0.4628048 0.4677961 0.4715462 0.4777061 0.5210556 0.5817957 0.5892734 0.4654090 0.6521949 0.6210876 0.6446474 0.6307056 0.7955272 0.7750293 0.6640369 0.6645398 0.5172587 0.6537609 0.7360095 0.6233964 0.6311544 0.7516001 0.9512949 1.0037437 0.7866383 0.8564982 0.8309379 1.0456148 0.9629574 0.9687709 0.8469768 
As085_WDus           0.6859181 0.5539515 0.5398752 0.5847229 0.4664124 0.4711992 0.5153659 0.4362805 0.5199244 0.5553851 0.6137076 0.6668543 0.6429601 0.6022344 0.6573439 0.6742759 0.5781593 0.6221082 0.6889793 0.6899210 0.5739322 0.6052496 0.6066105 0.7499121 0.7622288 0.6712318 0.7324656 0.6410712 0.3472481 0.4008364 0.4291068 0.4635659 0.4424634 0.4796573 0.3993944 0.3907694 0.3714390 0.3434949 0.0000000 0.0081713 0.3532557 0.2738208 0.2597736 0.2395068 0.2482171 0.2527200 0.2828627 0.2819056 0.3231775 0.3391865 0.3164157 0.4081395 0.4591917 0.3997279 0.4933103 0.5069483 0.4972538 0.5176347 0.3608651 0.4580435 0.5009978 0.3763151 0.4789663 0.4184779 0.6457580 0.6548842 0.5160119 0.5283044 0.5454765 0.5091487 0.4722683 0.5430112 0.5323284 0.5023589 0.4084342 0.5422760 0.5534689 0.6050256 0.6781357 0.6533706 0.6759288 0.7122294 0.7281497 0.5320352 0.5031435 0.6870825 0.5598799 0.9284885 0.9673546 1.1039934 1.1987513 0.7710603 0.9179643 0.7943823 1.1087243 0.9661326 0.9770907 1.1162797 
