169
Zalmoxida                0.0000000 0.0391665 0.0294535 0.0095686 0.0041370 0.0267624 0.0226308 0.0125868 0.0211540 0.0211701 0.0236830 0.0236830 0.0217674 0.0236395 0.0225577 0.0213888 0.0177131 0.0226741 0.0224654 0.0214806 0.0270364 0.0240840 0.0239923 0.0235378 0.0247757 0.0271621 0.0141239 0.0141239 0.0135018 0.0279900 0.0272742 0.0222808 0.0265511 0.0285199 0.0271273 0.0312430 0.0301129 0.0267198 0.0267198 0.0267752 0.0293094 0.0324025 0.0296779 0.0297290 0.0310013 0.0339718 0.0330180 0.0277461 0.0368479 0.0534691 0.0207685 0.0207685 0.0236830 0.0225197 0.0240725 0.0229028 0.0331744 0.0356792 0.0320396 0.0306730 0.0604540 0.0354272 0.0232985 0.0269845 0.0363853 0.0344572 0.0433225 0.0464131 0.0218829 0.0751078 0.0197192 0.0547427 0.0528439 0.0546754 0.0470709 0.0508566 0.0486932 0.0528413 0.0524693 0.0586138 0.0526205 0.0523964 0.0543695 0.0579362 0.0488246 0.0580322 0.0509621 0.0636232 0.0520821 0.0408770 0.0526771 0.0569859 0.0630132 0.0441120 0.0577010 0.0533731 0.0553809 0.0615096 0.0618729 0.0715526 0.0672618 0.0626254 0.0667082 0.0577633 0.0605976 0.0533474 0.0574008 0.0579914 0.0744035 0.0580187 0.0563118 0.0774109 0.0692757 0.0806063 0.0543367 0.0523038 0.0544226 0.0307097 0.0177173 0.0173715 0.0160988 0.0221905 0.0334663 0.0450998 0.0459882 0.0400775 0.0397593 0.0438559 0.0427882 0.0354412 0.0285465 0.0319428 0.0347748 0.0536764 0.0497934 0.0468583 0.0895498 0.0670192 0.0578086 0.0681091 0.0556216 0.0800429 0.0730127 0.0644257 0.0633020 0.0766287 0.0661678 0.0759902 0.0792745 0.0886269 0.0647130 0.0694069 0.0636939 0.0041370 0.0209300 9.0000000 9.0000000 0.0280683 9.0000000 0.0536770 9.0000000 9.0000000 0.1542142 0.1327446 0.2419217 0.1837687 0.2036418 0.0980453 0.0363414 
Agoristenidae_DNA105839  0.0391665 0.0000000 0.0242089 0.0170065 9.0000000 0.0302449 0.0356863 0.0150662 0.0234033 0.0234246 0.0226686 0.0226686 0.0227423 0.0240796 0.0221969 0.0267686 0.0238923 0.0358351 0.0327017 0.0257736 0.0249035 0.0205013 0.0205546 0.0206826 0.0220473 0.0212767 0.0235412 0.0235412 0.0243484 0.0214322 0.0288967 0.0240923 0.0291307 0.0313426 0.0274249 0.0350192 0.0290531 0.0266008 0.0266008 0.0279427 0.0234427 0.0373456 0.0332243 0.0339183 0.0370136 0.0320588 0.0352303 0.0273817 0.0358912 0.0404681 0.0328303 0.0328303 0.0226686 0.0214907 0.0309596 0.0295173 0.0373479 0.0302140 0.0268492 0.0245463 0.0335960 0.0282909 0.0178262 0.0273152 0.0299059 0.0282976 0.0386637 0.0550274 0.0256980 0.0488725 0.0234717 0.0597330 0.0599040 0.0596597 0.0603334 0.0594595 0.0597261 0.0577683 0.0573724 0.0637252 0.0597854 0.0544698 0.0544039 0.0533937 0.0527582 0.0534821 0.0598597 0.0669793 0.0458562 0.0606941 0.0557665 0.0686812 0.0675826 0.0572387 0.0673129 0.0653601 0.0675090 0.0651346 0.0627554 0.0702591 0.0709477 0.0635208 0.0654348 0.0612243 0.0625424 0.0589529 0.0561434 0.0605155 0.0730945 0.0692547 0.0713671 0.0760863 0.0720379 0.0816461 0.0541589 0.0521332 0.0542443 0.0595616 0.0214298 0.0297558 0.0258947 0.0365369 0.0329932 0.0451419 0.0501770 0.0465470 0.0433423 0.0489959 0.0479344 0.0435244 0.0366408 0.0267601 0.0444134 0.0457442 0.0467321 0.0447523 0.0553845 0.0601394 0.0462802 0.0604365 0.0531876 0.0622044 0.0589134 0.0491040 0.0483620 0.0600380 0.0511518 0.0623384 0.0726646 0.0580796 0.0582007 0.0672199 0.0679504 0.0071283 0.0097494 0.0071283 0.0000010 0.0353366 0.0000010 0.0637390 0.0071767 0.0355165 0.1199055 0.1536541 0.3054673 0.2105258 0.2409263 0.1163591 0.0805190 
Stygnopsidae_DNA104855   0.0294535 0.0242089 0.0000000 0.0093828 0.0085557 0.0277709 0.0195848 0.0102876 0.0230787 0.0231218 0.0231002 0.0225567 0.0214411 0.0234025 0.0233169 0.0139791 0.0142095 0.0207413 0.0199015 0.0243528 0.0268566 0.0253311 0.0255072 0.0244440 0.0254352 0.0281971 0.0187964 0.0266327 0.0266772 0.0221724 0.0281365 0.0263355 0.0308955 0.0310586 0.0274153 0.0335162 0.0269164 0.0268832 0.0269157 0.0130730 0.0071054 0.0327002 0.0312602 0.0277540 0.0310707 0.0294949 0.0339804 0.0296261 0.0455940 0.0578497 0.0340770 0.0313232 0.0231002 0.0210247 0.0320547 0.0339014 0.0360032 0.0343647 0.0305706 0.0295098 0.0586254 0.0324788 0.0247218 0.0282777 0.0322683 0.0331482 0.0426871 0.0471547 0.0235555 0.0754140 0.0293746 0.0399527 0.0400575 0.0381084 0.0403564 0.0398125 0.0399763 0.0397848 0.0398240 0.0416158 0.0381845 0.0396986 0.0396540 0.0420868 0.0412782 0.0399576 0.0382273 0.0442545 0.0359008 0.0542043 0.0533651 0.0455898 0.0449156 0.0505548 0.0453384 0.0435663 0.0454600 0.0434848 0.0414566 0.0478148 0.0482530 0.0457940 0.0436928 0.0409324 0.0489722 0.0389708 0.0400885 0.0423866 0.0502028 0.0491055 0.0514945 0.0577314 0.0616388 0.0697805 0.0323279 0.0340730 0.0323741 0.0496378 0.0227459 0.0364559 0.0157898 0.0203961 0.0335730 0.0360612 0.0426407 0.0348812 0.0336793 0.0333709 0.0396762 0.0326799 0.0246067 0.0182012 0.0357860 0.0604736 0.0548153 0.0529849 0.0923850 0.0659139 0.0623275 0.0553624 0.0580704 0.0613762 0.0552957 0.0499510 0.0472506 0.0592335 0.0497490 0.0610509 0.0671553 0.1077730 0.0817339 0.0854243 0.0608942 0.0521121 0.0217354 0.1689385 0.1808635 0.0291804 0.1951553 0.0637202 0.2166659 0.3691714 0.1565799 0.1384134 0.2486081 0.1872912 0.2231249 0.1351014 0.0786501 
Assamiidae_DNA104857     0.0095686 0.0170065 0.0093828 0.0000000 0.0000010 0.0000010 0.0008495 0.0070586 0.0061389 0.0061466 0.0060964 0.0060964 0.0079465 0.0078774 0.0070803 0.0070803 0.0088974 0.0118166 0.0062243 0.0080095 0.0079658 0.0079310 0.0073107 0.0070321 0.0088371 0.0097422 0.0089291 0.0089832 0.0089028 0.0071435 0.0107853 0.0073123 0.0129051 0.0094863 0.0080190 0.0098116 0.0079500 0.0078946 0.0078946 0.0098043 0.0080403 0.0107666 0.0088207 0.0089200 0.0089013 0.0123396 0.0106920 0.0052619 0.0113890 9.0000000 0.0099726 0.0099726 0.0054262 0.0063931 0.0098913 0.0098913 0.0061259 0.0181429 0.0148371 0.0127752 9.0000000 0.0187815 0.0046685 0.0073886 0.0092998 0.0061120 0.0109192 9.0000000 0.0056359 9.0000000 0.0041183 9.0000000 9.0000000 9.0000000 9.0000000 9.0000000 9.0000000 9.0000000 9.0000000 9.0000000 9.0000000 9.0000000 9.0000000 9.0000000 9.0000000 9.0000000 9.0000000 9.0000000 9.0000000 9.0000000 9.0000000 9.0000000 9.0000000 9.0000000 9.0000000 9.0000000 9.0000000 9.0000000 9.0000000 9.0000000 9.0000000 9.0000000 9.0000000 9.0000000 9.0000000 9.0000000 9.0000000 9.0000000 9.0000000 9.0000000 9.0000000 9.0000000 9.0000000 9.0000000 9.0000000 9.0000000 9.0000000 9.0000000 0.0089146 0.0098913 0.0036914 0.0054478 0.0138807 9.0000000 9.0000000 9.0000000 9.0000000 9.0000000 9.0000000 9.0000000 9.0000000 0.0020394 0.0021184 0.0346539 0.0231526 0.0206313 9.0000000 0.0902927 9.0000000 9.0000000 9.0000000 9.0000000 9.0000000 9.0000000 9.0000000 9.0000000 9.0000000 9.0000000 9.0000000 9.0000000 0.0259563 0.0159129 0.0882958 0.0000010 0.0064548 9.0000000 9.0000000 0.0125433 9.0000000 0.0111522 9.0000000 9.0000000 9.0000000 0.1078382 0.1745917 0.0728637 0.1423632 0.0249558 0.0407037 
Kimula                   0.0041370 9.0000000 0.0085557 0.0000010 0.0000000 0.0000010 0.0000010 0.0000010 0.0000010 0.0000010 0.0000010 0.0000010 0.0000010 0.0000010 0.0000010 0.0000010 0.0000010 0.0000010 0.0000010 0.0020569 0.0020394 0.0020394 0.0022378 0.0020394 0.0020394 0.0020394 0.0041370 0.0041370 0.0041370 0.0020394 0.0020394 0.0000010 0.0000010 0.0000010 0.0020394 0.0020410 0.0000010 0.0041076 0.0041076 0.0041472 0.0063041 0.0020394 0.0020394 0.0041692 0.0041391 0.0041076 0.0020394 0.0020394 9.0000000 9.0000000 0.0062525 0.0062525 0.0000010 0.0000010 0.0020394 0.0020394 0.0000010 0.0085926 0.0063461 0.0063461 9.0000000 0.0133244 0.0020394 0.0020569 9.0000000 9.0000000 9.0000000 9.0000000 0.0000010 9.0000000 0.0022413 9.0000000 9.0000000 9.0000000 9.0000000 9.0000000 9.0000000 9.0000000 9.0000000 9.0000000 9.0000000 9.0000000 9.0000000 9.0000000 9.0000000 9.0000000 9.0000000 9.0000000 9.0000000 9.0000000 9.0000000 9.0000000 9.0000000 9.0000000 9.0000000 9.0000000 9.0000000 9.0000000 9.0000000 9.0000000 9.0000000 9.0000000 9.0000000 9.0000000 9.0000000 9.0000000 9.0000000 9.0000000 9.0000000 9.0000000 9.0000000 9.0000000 9.0000000 9.0000000 9.0000000 9.0000000 9.0000000 9.0000000 0.0000010 0.0020394 0.0000010 0.0000010 0.0042050 9.0000000 9.0000000 9.0000000 9.0000000 9.0000000 9.0000000 9.0000000 9.0000000 0.0020394 0.0021184 0.0374798 0.0143184 0.0175903 9.0000000 9.0000000 9.0000000 9.0000000 9.0000000 9.0000000 9.0000000 9.0000000 9.0000000 9.0000000 9.0000000 9.0000000 9.0000000 9.0000000 0.0259563 0.0159129 9.0000000 0.0000010 0.0020558 9.0000000 9.0000000 0.0041045 9.0000000 0.0111522 9.0000000 9.0000000 9.0000000 0.0247611 0.0443643 0.0389372 0.0411790 0.0249558 0.0157542 
Paktongius               0.0267624 0.0302449 0.0277709 0.0000010 0.0000010 0.0000000 0.0005128 0.0070586 0.0181288 0.0176553 0.0212721 0.0207432 0.0208228 0.0242476 0.0209423 0.0168550 0.0183306 0.0237958 0.0229496 0.0231373 0.0277063 0.0255056 0.0256836 0.0246312 0.0250656 0.0294668 0.0214237 0.0277207 0.0258580 0.0243403 0.0290625 0.0206089 0.0288894 0.0290406 0.0282262 0.0344750 0.0322857 0.0280714 0.0275468 0.0219802 0.0237069 0.0326165 0.0272615 0.0256860 0.0255792 0.0362191 0.0311856 0.0269664 0.0396403 0.0574179 0.0270109 0.0252548 0.0212265 0.0191608 0.0270914 0.0276703 0.0227255 0.0364136 0.0325892 0.0321232 0.0612480 0.0366573 0.0243584 0.0239552 0.0200149 0.0156255 0.0234822 0.0612687 0.0183085 0.0764507 0.0249470 0.0214175 0.0214690 0.0198258 0.0216042 0.0213308 0.0214113 0.0213185 0.0182007 0.0229090 0.0198643 0.0181322 0.0181141 0.0246353 0.0253454 0.0228455 0.0198845 0.0247601 0.0196249 0.0310292 0.0327575 0.0296064 0.0291917 0.0298457 0.0182098 0.0167103 0.0182527 0.0167086 0.0151342 0.0200203 0.0201868 0.0153205 0.0167922 0.0051987 0.0107736 0.0038569 0.0050991 0.0064916 0.0200740 0.0212005 0.0221098 0.0278732 0.0304613 0.0411738 0.0488138 0.0468373 0.0488901 0.0554209 0.0196853 0.0290106 0.0173070 0.0214419 0.0338181 0.0491562 0.0541118 0.0499199 0.0446354 0.0446383 0.0513848 0.0401599 0.0307489 0.0258512 0.0284060 0.0614865 0.0564047 0.0566911 0.1034885 0.0723969 0.0636933 0.0793769 0.0656624 0.0820133 0.0701360 0.0686127 0.0653777 0.0809386 0.0746278 0.0866688 0.0959413 0.1245822 0.0926427 0.0897014 0.0749704 0.0216842 0.0134216 0.0978648 0.0734592 0.0268662 0.1417491 0.0594740 0.1692197 0.2907358 0.1626045 0.1487001 0.2402560 0.1840051 0.2158781 0.1376496 0.0702256 
Assamiidae_DNA104859     0.0226308 0.0356863 0.0195848 0.0008495 0.0000010 0.0005128 0.0000000 0.0079609 0.0150591 0.0150708 0.0175352 0.0175352 0.0188322 0.0199143 0.0164805 0.0164805 0.0188665 0.0230841 0.0232347 0.0223474 0.0226357 0.0200662 0.0200016 0.0196111 0.0208293 0.0206344 0.0230311 0.0231100 0.0209548 0.0218885 0.0249141 0.0192623 0.0287392 0.0290280 0.0235515 0.0270869 0.0253567 0.0231947 0.0231947 0.0188236 0.0171192 0.0268214 0.0226238 0.0233561 0.0239894 0.0297609 0.0253587 0.0198000 0.0339132 0.0491136 0.0226746 0.0226746 0.0173886 0.0174535 0.0216867 0.0205284 0.0153181 0.0306883 0.0276763 0.0250182 0.0525057 0.0321408 0.0184670 0.0206451 0.0134330 0.0110883 0.0167523 0.0596940 0.0162775 0.0802856 0.0203333 0.0222331 0.0222331 0.0205761 0.0221170 0.0221170 0.0221170 0.0221272 0.0188832 0.0237829 0.0205761 0.0187905 0.0187905 0.0224112 0.0240978 0.0205978 0.0205761 0.0241179 0.0157246 0.0309335 0.0290900 0.0303228 0.0303228 0.0297522 0.0156756 0.0156756 0.0156756 0.0156756 0.0140617 0.0190426 0.0190426 0.0142007 0.0157348 0.0053259 0.0039407 0.0039407 0.0052753 0.0067050 0.0208720 0.0212005 0.0207167 0.0189835 0.0279496 0.0329150 0.0471186 0.0450915 0.0471186 0.0526094 0.0169864 0.0205953 0.0179527 0.0221246 0.0276939 0.0474597 0.0507198 0.0481456 0.0428923 0.0428935 0.0495714 0.0402221 0.0307946 0.0196993 0.0296503 0.0531176 0.0478260 0.0475398 0.0967522 0.0803433 0.0654620 0.0618855 0.0652902 0.0704363 0.0576773 0.0603436 0.0552635 0.0665532 0.0660128 0.0670709 0.0770889 0.0605394 0.0482012 0.0587146 0.0757020 0.0000010 0.0079861 9.0000000 9.0000000 0.0247991 9.0000000 0.0483514 9.0000000 9.0000000 0.1732477 0.1487896 0.2350659 0.1639543 0.1973372 0.0848306 0.0418782 
Guasinia                 0.0125868 0.0150662 0.0102876 0.0070586 0.0000010 0.0070586 0.0079609 0.0000000 0.0025720 0.0025752 0.0017158 0.0017158 0.0034792 0.0034492 0.0043265 0.0043265 0.0060902 0.0088868 0.0043664 0.0080158 0.0079720 0.0079372 0.0073168 0.0070378 0.0088437 0.0097492 0.0089359 0.0089900 0.0089095 0.0089835 0.0107927 0.0017753 0.0108691 0.0093658 0.0098603 0.0117731 0.0098654 0.0097959 0.0097959 0.0098114 0.0098865 0.0116744 0.0116441 0.0079934 0.0098007 0.0134125 0.0144157 0.0088705 0.0165996 9.0000000 0.0137508 0.0137508 0.0008865 0.0045033 0.0137650 0.0137650 0.0116740 0.0201632 0.0167873 0.0146857 9.0000000 0.0207778 0.0037127 0.0045059 0.0157946 0.0159670 0.0177684 9.0000000 0.0033114 9.0000000 0.0061853 9.0000000 9.0000000 9.0000000 9.0000000 9.0000000 9.0000000 9.0000000 9.0000000 9.0000000 9.0000000 9.0000000 9.0000000 9.0000000 9.0000000 9.0000000 9.0000000 9.0000000 9.0000000 9.0000000 9.0000000 9.0000000 9.0000000 9.0000000 9.0000000 9.0000000 9.0000000 9.0000000 9.0000000 9.0000000 9.0000000 9.0000000 9.0000000 9.0000000 9.0000000 9.0000000 9.0000000 9.0000000 9.0000000 9.0000000 9.0000000 9.0000000 9.0000000 9.0000000 9.0000000 9.0000000 9.0000000 9.0000000 0.0034674 0.0137650 0.0027425 0.0045013 0.0158223 9.0000000 9.0000000 9.0000000 9.0000000 9.0000000 9.0000000 9.0000000 9.0000000 0.0020394 0.0021184 0.0346538 0.0255614 0.0206392 9.0000000 0.0946696 9.0000000 9.0000000 9.0000000 9.0000000 9.0000000 9.0000000 9.0000000 9.0000000 9.0000000 9.0000000 9.0000000 9.0000000 0.0259563 0.0159129 0.0867084 0.0000010 0.0054812 9.0000000 9.0000000 0.0134513 9.0000000 0.0111522 9.0000000 9.0000000 9.0000000 0.1092982 0.1799276 0.0764662 0.1409656 0.0249558 0.0443107 
Icaleptes_DNA104053      0.0211540 0.0234033 0.0230787 0.0061389 0.0000010 0.0181288 0.0150591 0.0025720 0.0000000 0.0004161 0.0064313 0.0059860 0.0051370 0.0092844 0.0101424 0.0084443 0.0096779 0.0145139 0.0138157 0.0154247 0.0177012 0.0157263 0.0156596 0.0148762 0.0153238 0.0192664 0.0161073 0.0195498 0.0200298 0.0180194 0.0208386 0.0030104 0.0155522 0.0174082 0.0215890 0.0265608 0.0225932 0.0201042 0.0205992 0.0172858 0.0203021 0.0230970 0.0223517 0.0168332 0.0182376 0.0259673 0.0252322 0.0212819 0.0303661 0.0362215 0.0248885 0.0242497 0.0061020 0.0079541 0.0232557 0.0243946 0.0282840 0.0254848 0.0226965 0.0215411 0.0361689 0.0265908 0.0153654 0.0140997 0.0257826 0.0223578 0.0315280 0.0444589 0.0088063 0.0571617 0.0186461 0.0341431 0.0342296 0.0323951 0.0344696 0.0340184 0.0341535 0.0308205 0.0305813 0.0357349 0.0324585 0.0304773 0.0304450 0.0375087 0.0366450 0.0356109 0.0324936 0.0415278 0.0320999 0.0396382 0.0410833 0.0431780 0.0425501 0.0387010 0.0410465 0.0393299 0.0411536 0.0392689 0.0373289 0.0434019 0.0437905 0.0377852 0.0394563 0.0349697 0.0425592 0.0331145 0.0310587 0.0363969 0.0456781 0.0462969 0.0448998 0.0509978 0.0545905 0.0600914 0.0372143 0.0354475 0.0372683 0.0443167 0.0093519 0.0248319 0.0081233 0.0128801 0.0247893 0.0342031 0.0385369 0.0344703 0.0297644 0.0365660 0.0354934 0.0257909 0.0149561 0.0172137 0.0197739 0.0481349 0.0467855 0.0430866 0.0746739 0.0593492 0.0403329 0.0584481 0.0489759 0.0607418 0.0546143 0.0487603 0.0460668 0.0598335 0.0502703 0.0648086 0.0687821 0.1004733 0.0756433 0.0801300 0.0614153 0.0230960 0.0070243 0.0619528 0.0803622 0.0181294 0.1000302 0.0442365 0.1495662 0.2776681 0.1440208 0.1417648 0.2346284 0.1838582 0.2170285 0.1308165 0.0738622 
Icaleptes                0.0211701 0.0234246 0.0231218 0.0061466 0.0000010 0.0176553 0.0150708 0.0025752 0.0004161 0.0000000 0.0059991 0.0055552 0.0047063 0.0088373 0.0096963 0.0084506 0.0096852 0.0145252 0.0138264 0.0149635 0.0172383 0.0152689 0.0151911 0.0144178 0.0148654 0.0187981 0.0161182 0.0190750 0.0195545 0.0175486 0.0203650 0.0025789 0.0150863 0.0169288 0.0211090 0.0260654 0.0231085 0.0206124 0.0201201 0.0172987 0.0198303 0.0236138 0.0218748 0.0163698 0.0177723 0.0264924 0.0247517 0.0208085 0.0310620 0.0372925 0.0254072 0.0247740 0.0056629 0.0075080 0.0227704 0.0239050 0.0277836 0.0260152 0.0232136 0.0220515 0.0351152 0.0271265 0.0148820 0.0136287 0.0264619 0.0217555 0.0308915 0.0444589 0.0093092 0.0559377 0.0191639 0.0341431 0.0342296 0.0323951 0.0344696 0.0340184 0.0341535 0.0308205 0.0305813 0.0357349 0.0324585 0.0304773 0.0304450 0.0375087 0.0366450 0.0356109 0.0324936 0.0415278 0.0320999 0.0396382 0.0410833 0.0431780 0.0425501 0.0387010 0.0410465 0.0393299 0.0411536 0.0392689 0.0373289 0.0434019 0.0437905 0.0377852 0.0394563 0.0349697 0.0425592 0.0331145 0.0310587 0.0363969 0.0456781 0.0462969 0.0448998 0.0509978 0.0545905 0.0600914 0.0372143 0.0354475 0.0372683 0.0443167 0.0088790 0.0243025 0.0081233 0.0128911 0.0242713 0.0342031 0.0385369 0.0344703 0.0297644 0.0365660 0.0354934 0.0257909 0.0149561 0.0178839 0.0190856 0.0475532 0.0462139 0.0431613 0.0733376 0.0585808 0.0416340 0.0584481 0.0489759 0.0607418 0.0546143 0.0487603 0.0460668 0.0598335 0.0502703 0.0648086 0.0687821 0.0989596 0.0746794 0.0791391 0.0614868 0.0215813 0.0063801 0.0670398 0.0745780 0.0186445 0.0937243 0.0433622 0.1422912 0.2884938 0.1422191 0.1400162 0.2336084 0.1827157 0.2158291 0.1295450 0.0740299 
Fissiphallius_DNA104055  0.0236830 0.0226686 0.0231002 0.0060964 0.0000010 0.0212721 0.0175352 0.0017158 0.0064313 0.0059991 0.0000000 0.0004159 0.0021021 0.0060772 0.0092253 0.0073553 0.0085631 0.0133364 0.0144024 0.0163487 0.0196542 0.0176459 0.0181405 0.0172969 0.0177479 0.0207278 0.0150136 0.0179702 0.0184447 0.0189192 0.0213380 0.0061420 0.0165884 0.0174959 0.0219932 0.0281205 0.0230133 0.0210541 0.0205619 0.0138337 0.0203188 0.0241014 0.0223544 0.0163912 0.0182392 0.0263977 0.0236622 0.0197546 0.0318528 0.0386316 0.0270240 0.0258575 0.0000010 0.0075025 0.0232735 0.0244127 0.0298911 0.0247754 0.0220201 0.0199039 0.0327164 0.0259472 0.0173523 0.0156812 0.0292612 0.0236771 0.0346056 0.0452916 0.0119929 0.0493537 0.0182124 0.0418309 0.0419414 0.0399628 0.0388484 0.0383256 0.0384829 0.0416573 0.0380099 0.0435108 0.0400428 0.0361306 0.0360908 0.0454102 0.0446577 0.0433705 0.0400881 0.0497372 0.0358749 0.0517513 0.0528072 0.0440451 0.0433954 0.0510208 0.0491931 0.0473916 0.0493268 0.0472901 0.0452048 0.0517503 0.0522292 0.0457597 0.0475142 0.0428564 0.0510094 0.0408687 0.0419735 0.0408644 0.0542106 0.0552988 0.0535785 0.0598330 0.0617060 0.0695822 0.0289803 0.0306782 0.0290210 0.0441680 0.0104092 0.0242644 0.0081371 0.0121945 0.0247017 0.0311004 0.0354139 0.0278972 0.0298608 0.0298515 0.0322790 0.0228381 0.0180913 0.0172416 0.0198927 0.0459397 0.0482461 0.0445384 0.0771735 0.0612697 0.0418843 0.0601070 0.0540022 0.0670159 0.0628768 0.0566340 0.0537521 0.0647941 0.0570699 0.0666911 0.0707183 0.1070665 0.0798405 0.0830959 0.0670417 0.0247369 0.0076929 0.0781157 0.0870461 0.0201949 0.0943687 0.0474731 0.1493967 0.3115283 0.1343158 0.1334668 0.2319662 0.1813203 0.2142914 0.1246679 0.0760834 
Fissiphallius            0.0236830 0.0226686 0.0225567 0.0060964 0.0000010 0.0207432 0.0175352 0.0017158 0.0059860 0.0055552 0.0004159 0.0000000 0.0016771 0.0056274 0.0087618 0.0073553 0.0085631 0.0133364 0.0144024 0.0158516 0.0191451 0.0171468 0.0176257 0.0167959 0.0172459 0.0202125 0.0150136 0.0184831 0.0189592 0.0184077 0.0208176 0.0056872 0.0160839 0.0169755 0.0214670 0.0275623 0.0224830 0.0210541 0.0205619 0.0138337 0.0198033 0.0235653 0.0218297 0.0158925 0.0177349 0.0258376 0.0231360 0.0192432 0.0311248 0.0374551 0.0264793 0.0258575 0.0004240 0.0070413 0.0227379 0.0238704 0.0293235 0.0242342 0.0214938 0.0193886 0.0315942 0.0253987 0.0168358 0.0151777 0.0292612 0.0230070 0.0338655 0.0452916 0.0114578 0.0506813 0.0176685 0.0418309 0.0419414 0.0399628 0.0388484 0.0383256 0.0384829 0.0416573 0.0380099 0.0435108 0.0400428 0.0361306 0.0360908 0.0454102 0.0446577 0.0433705 0.0400881 0.0497372 0.0358749 0.0517513 0.0528072 0.0440451 0.0433954 0.0510208 0.0491931 0.0473916 0.0493268 0.0472901 0.0452048 0.0517503 0.0522292 0.0457597 0.0475142 0.0428564 0.0510094 0.0408687 0.0419735 0.0408644 0.0542106 0.0552988 0.0535785 0.0598330 0.0617060 0.0695822 0.0289803 0.0306782 0.0290210 0.0441680 0.0099068 0.0236802 0.0081371 0.0121945 0.0241295 0.0311004 0.0354139 0.0278972 0.0298608 0.0298515 0.0322790 0.0228381 0.0180913 0.0165399 0.0191581 0.0466212 0.0475692 0.0451815 0.0756601 0.0612697 0.0404578 0.0601070 0.0540022 0.0670159 0.0628768 0.0566340 0.0537521 0.0647941 0.0570699 0.0666911 0.0707183 0.1053247 0.0787385 0.0819693 0.0670417 0.0230960 0.0070227 0.0721835 0.0803622 0.0196576 0.0874912 0.0464832 0.1412769 0.2992338 0.1323760 0.1344858 0.2333658 0.1826205 0.2129578 0.1247292 0.0748157 
Zalmoxis                 0.0217674 0.0227423 0.0214411 0.0079465 0.0000010 0.0208228 0.0188322 0.0034792 0.0051370 0.0047063 0.0021021 0.0016771 0.0000000 0.0043289 0.0088228 0.0073977 0.0086131 0.0134150 0.0144506 0.0149359 0.0181649 0.0167624 0.0167205 0.0159088 0.0163596 0.0203510 0.0145201 0.0175378 0.0180128 0.0178760 0.0202742 0.0052635 0.0156665 0.0175384 0.0205612 0.0269725 0.0219274 0.0211344 0.0206404 0.0149117 0.0187487 0.0225074 0.0214210 0.0164296 0.0182828 0.0252476 0.0221942 0.0192768 0.0298680 0.0342602 0.0248581 0.0242196 0.0021433 0.0061690 0.0211442 0.0222563 0.0270588 0.0237383 0.0210082 0.0189106 0.0297059 0.0259172 0.0164363 0.0152361 0.0264491 0.0216338 0.0347123 0.0415960 0.0115083 0.0521619 0.0176627 0.0419149 0.0420259 0.0400428 0.0406378 0.0400881 0.0402537 0.0383758 0.0380856 0.0435983 0.0401231 0.0359852 0.0359456 0.0455018 0.0447496 0.0434576 0.0401686 0.0498389 0.0359456 0.0481475 0.0493288 0.0458949 0.0452139 0.0473478 0.0492932 0.0474881 0.0494274 0.0473860 0.0452959 0.0518566 0.0523374 0.0458528 0.0476108 0.0429441 0.0511159 0.0409521 0.0386711 0.0426775 0.0543228 0.0554191 0.0536919 0.0599576 0.0614863 0.0697307 0.0288619 0.0305534 0.0289024 0.0405592 0.0094761 0.0225182 0.0081888 0.0122738 0.0230349 0.0295815 0.0338929 0.0263929 0.0267413 0.0283209 0.0307070 0.0213811 0.0152271 0.0152078 0.0177720 0.0447365 0.0467647 0.0432433 0.0742613 0.0569534 0.0392820 0.0560439 0.0509785 0.0628242 0.0590787 0.0529268 0.0501266 0.0606459 0.0533545 0.0624964 0.0663993 0.1008061 0.0758400 0.0778160 0.0636130 0.0216140 0.0070275 0.0673344 0.0749377 0.0202445 0.0880244 0.0455463 0.1330342 0.2901363 0.1306446 0.1324417 0.2310712 0.1811172 0.2112559 0.1262850 0.0733301 
Ethobunus                0.0236395 0.0240796 0.0234025 0.0078774 0.0000010 0.0242476 0.0199143 0.0034492 0.0092844 0.0088373 0.0060772 0.0056274 0.0043289 0.0000000 0.0132149 0.0084302 0.0096615 0.0144890 0.0155533 0.0186390 0.0226081 0.0205131 0.0205640 0.0196470 0.0196490 0.0242771 0.0154905 0.0208126 0.0213009 0.0217887 0.0248557 0.0090539 0.0199728 0.0220344 0.0212475 0.0291995 0.0249820 0.0235532 0.0230545 0.0160548 0.0210828 0.0245713 0.0217165 0.0175904 0.0195316 0.0285250 0.0262276 0.0231908 0.0348193 0.0427384 0.0285813 0.0263828 0.0062002 0.0104743 0.0258422 0.0259416 0.0315657 0.0257244 0.0229045 0.0218038 0.0373554 0.0290467 0.0198100 0.0190480 0.0312990 0.0289296 0.0406147 0.0452916 0.0155272 0.0592316 0.0207808 0.0452552 0.0453759 0.0433482 0.0422593 0.0416868 0.0418595 0.0416573 0.0413496 0.0469627 0.0434352 0.0394301 0.0393861 0.0489051 0.0482101 0.0468179 0.0434849 0.0533390 0.0391530 0.0517513 0.0528072 0.0475536 0.0468467 0.0510208 0.0527727 0.0509472 0.0529176 0.0508253 0.0486907 0.0553999 0.0559167 0.0492851 0.0510638 0.0463614 0.0547091 0.0443312 0.0419735 0.0443130 0.0579257 0.0592213 0.0573655 0.0636533 0.0656366 0.0736451 0.0321064 0.0338404 0.0321520 0.0441680 0.0131672 0.0265171 0.0093288 0.0134553 0.0251163 0.0311004 0.0354139 0.0278972 0.0298608 0.0298515 0.0322790 0.0228381 0.0180913 0.0190988 0.0211291 0.0488328 0.0486435 0.0486140 0.0835551 0.0603055 0.0493992 0.0601070 0.0540022 0.0670159 0.0628768 0.0566340 0.0537521 0.0647941 0.0570699 0.0666911 0.0707183 0.1055375 0.0783938 0.0797402 0.0670260 0.0317601 0.0128091 0.1168074 0.1404147 0.0232101 0.1416216 0.0518969 0.1730673 0.3425719 0.1385418 0.1336377 0.2410988 0.1880062 0.2203146 0.1074905 0.0774659 
Stenostygnus_DNA104847   0.0225577 0.0221969 0.0233169 0.0070803 0.0000010 0.0209423 0.0164805 0.0043265 0.0101424 0.0096963 0.0092253 0.0087618 0.0088228 0.0132149 0.0000000 0.0000010 0.0020551 0.0064020 0.0086065 0.0121017 0.0199516 0.0179145 0.0184225 0.0175623 0.0180194 0.0210413 0.0145994 0.0182469 0.0187281 0.0207436 0.0226579 0.0113158 0.0182186 0.0201900 0.0233886 0.0278613 0.0237342 0.0202894 0.0197946 0.0150519 0.0221582 0.0303300 0.0263111 0.0216253 0.0220195 0.0271801 0.0261071 0.0211036 0.0329882 0.0388053 0.0235470 0.0228895 0.0084775 0.0034551 0.0216951 0.0228156 0.0272595 0.0274457 0.0244658 0.0239402 0.0382370 0.0301701 0.0176265 0.0143338 0.0251943 0.0235047 0.0342001 0.0418745 0.0131353 0.0618726 0.0193712 0.0364592 0.0365536 0.0346586 0.0368186 0.0363270 0.0364746 0.0330425 0.0327856 0.0380920 0.0347275 0.0362212 0.0361811 0.0419088 0.0410991 0.0397869 0.0347659 0.0440695 0.0342345 0.0443384 0.0456485 0.0457768 0.0450984 0.0387129 0.0494291 0.0476203 0.0495639 0.0475172 0.0454218 0.0519990 0.0524819 0.0459812 0.0477430 0.0411073 0.0491724 0.0391393 0.0369030 0.0425645 0.0544710 0.0555055 0.0517019 0.0579475 0.0618668 0.0700206 0.0290509 0.0307534 0.0290918 0.0371004 0.0105121 0.0231234 0.0033963 0.0122671 0.0273911 0.0294942 0.0337987 0.0263121 0.0250962 0.0282352 0.0306147 0.0245560 0.0167787 0.0174624 0.0214669 0.0513972 0.0535703 0.0479347 0.0863669 0.0640894 0.0482614 0.0564028 0.0485115 0.0632117 0.0570125 0.0509183 0.0481666 0.0610245 0.0513401 0.0628833 0.0668060 0.1105483 0.0819899 0.0820222 0.0639010 0.0201213 0.0084855 0.0862731 0.0549047 0.0237432 0.1094888 0.0528627 0.1607770 0.2695880 0.1352176 0.1391914 0.2379060 0.1852264 0.2132171 0.1298544 0.0770101 
Stenostygnus_DNA104850   0.0213888 0.0267686 0.0139791 0.0070803 0.0000010 0.0168550 0.0164805 0.0043265 0.0084443 0.0084506 0.0073553 0.0073553 0.0073977 0.0084302 0.0000010 0.0000000 0.0020551 0.0064020 0.0086065 0.0102232 0.0176840 0.0152841 0.0145245 0.0142542 0.0154004 0.0158270 0.0161150 0.0161665 0.0167407 0.0173796 0.0202789 0.0103634 0.0187022 0.0211285 0.0166398 0.0237250 0.0184568 0.0170143 0.0170143 0.0123636 0.0147855 0.0227932 0.0201425 0.0178281 0.0201409 0.0223047 0.0212475 0.0160095 0.0277953 0.0341369 0.0190690 0.0190690 0.0064225 0.0015518 0.0179500 0.0168369 0.0238898 0.0231204 0.0204029 0.0197281 0.0305729 0.0264067 0.0135855 0.0121486 0.0244377 0.0211626 0.0293430 0.0418745 0.0104279 0.0620428 0.0163169 0.0364592 0.0365536 0.0346586 0.0368186 0.0363270 0.0364746 0.0330425 0.0327856 0.0380920 0.0347275 0.0362212 0.0361811 0.0419088 0.0410991 0.0397869 0.0347659 0.0440695 0.0342345 0.0443384 0.0456485 0.0457768 0.0450984 0.0387129 0.0494291 0.0476203 0.0495639 0.0475172 0.0454218 0.0519990 0.0524819 0.0459812 0.0477430 0.0411073 0.0491724 0.0391393 0.0369030 0.0425645 0.0544710 0.0555055 0.0517019 0.0579475 0.0618668 0.0700206 0.0290509 0.0307534 0.0290918 0.0371004 0.0086355 0.0159739 0.0033963 0.0122671 0.0210934 0.0294942 0.0340777 0.0263121 0.0250962 0.0282352 0.0306147 0.0245560 0.0167787 0.0115587 0.0164220 0.0437778 0.0455498 0.0381011 0.0753830 0.0669447 0.0506685 0.0564028 0.0485115 0.0632117 0.0570125 0.0509183 0.0481666 0.0610245 0.0513401 0.0628833 0.0668060 0.0606966 0.0463936 0.0538883 0.0639010 0.0000010 0.0068865 9.0000000 9.0000000 0.0201184 9.0000000 0.0433596 9.0000000 9.0000000 0.1408272 0.1327285 0.2537347 0.1779131 0.2044717 0.0866974 0.0444739 
Stenostygnus_DNA104848   0.0177131 0.0238923 0.0142095 0.0088974 0.0000010 0.0183306 0.0188665 0.0060902 0.0096779 0.0096852 0.0085631 0.0085631 0.0086131 0.0096615 0.0020551 0.0020551 0.0000000 0.0085890 0.0087216 0.0103589 0.0173787 0.0138016 0.0147609 0.0144819 0.0156469 0.0143507 0.0151211 0.0151698 0.0157468 0.0164741 0.0206105 0.0116755 0.0190096 0.0214881 0.0180943 0.0228772 0.0175700 0.0167045 0.0167045 0.0103120 0.0156024 0.0244057 0.0204735 0.0193102 0.0216748 0.0214274 0.0215924 0.0174404 0.0275708 0.0322933 0.0205845 0.0205845 0.0070798 0.0000010 0.0182423 0.0171113 0.0248322 0.0229430 0.0195317 0.0182524 0.0270465 0.0262206 0.0126162 0.0135115 0.0257308 0.0231952 0.0308907 0.0405546 0.0099740 0.0610104 0.0146904 0.0380375 0.0380375 0.0361501 0.0378528 0.0378528 0.0378528 0.0344606 0.0341850 0.0397452 0.0361501 0.0377394 0.0377394 0.0401979 0.0400631 0.0380248 0.0361501 0.0442123 0.0304963 0.0443384 0.0422634 0.0470919 0.0470919 0.0387129 0.0473766 0.0473766 0.0473766 0.0473766 0.0451605 0.0520064 0.0520064 0.0455906 0.0475339 0.0424083 0.0402541 0.0402541 0.0385145 0.0443355 0.0545632 0.0555055 0.0504189 0.0481268 0.0598528 0.0611011 0.0270294 0.0287724 0.0270294 0.0344235 0.0097452 0.0171657 0.0039693 0.0129029 0.0208334 0.0274585 0.0304526 0.0250047 0.0237714 0.0269193 0.0292811 0.0248006 0.0169410 0.0109696 0.0168421 0.0452824 0.0434546 0.0408638 0.0748361 0.0664863 0.0506685 0.0410345 0.0485115 0.0525213 0.0455617 0.0435539 0.0391383 0.0479414 0.0438241 0.0454768 0.0503284 0.0434827 0.0363723 0.0434347 0.0651331 0.0000010 0.0061638 9.0000000 9.0000000 0.0230263 9.0000000 0.0422739 9.0000000 9.0000000 0.1428220 0.1331553 0.2401226 0.1637014 0.1962747 0.0851260 0.0455266 
Stenostygnus_DNA104849   0.0226741 0.0358351 0.0207413 0.0118166 0.0000010 0.0237958 0.0230841 0.0088868 0.0145139 0.0145252 0.0133364 0.0133364 0.0134150 0.0144890 0.0064020 0.0064020 0.0085890 0.0000000 0.0127459 0.0171012 0.0227015 0.0201242 0.0200610 0.0196683 0.0196707 0.0206941 0.0203518 0.0204203 0.0197959 0.0230721 0.0261562 0.0167557 0.0223127 0.0251001 0.0228606 0.0286238 0.0242018 0.0207505 0.0207505 0.0175781 0.0208281 0.0301602 0.0272427 0.0247634 0.0272386 0.0264909 0.0258748 0.0215479 0.0358106 0.0424145 0.0248565 0.0248565 0.0130577 0.0076778 0.0211821 0.0200197 0.0280701 0.0292855 0.0249217 0.0249430 0.0366771 0.0321606 0.0166050 0.0173492 0.0318348 0.0291456 0.0374321 0.0515455 0.0148068 0.0738291 0.0210251 0.0487671 0.0487671 0.0467088 0.0485427 0.0485427 0.0485427 0.0448911 0.0445476 0.0506016 0.0467088 0.0484031 0.0484031 0.0511564 0.0509912 0.0487560 0.0467088 0.0555397 0.0404884 0.0557052 0.0534294 0.0585665 0.0585665 0.0497125 0.0545710 0.0545710 0.0545710 0.0545710 0.0522058 0.0595091 0.0595091 0.0527002 0.0547478 0.0535976 0.0512267 0.0512267 0.0493570 0.0556877 0.0622389 0.0633419 0.0578534 0.0554145 0.0678686 0.0650094 0.0366814 0.0385898 0.0366814 0.0448151 0.0134536 0.0200852 0.0088361 0.0184100 0.0263001 0.0372709 0.0404104 0.0343672 0.0331339 0.0365305 0.0392528 0.0340797 0.0255108 0.0157826 0.0200477 0.0523150 0.0506403 0.0433211 0.0886697 0.0757761 0.0625272 0.0522277 0.0680847 0.0647768 0.0571921 0.0550419 0.0501738 0.0597762 0.0553177 0.0570893 0.0624041 0.0548789 0.0428275 0.0502965 0.0748578 0.0000010 0.0108493 9.0000000 9.0000000 0.0276539 9.0000000 0.0497743 9.0000000 9.0000000 0.1615131 0.1450814 0.2550271 0.1737619 0.2076129 0.0943701 0.0461011 
Fijicolana               0.0224654 0.0327017 0.0199015 0.0062243 0.0000010 0.0229496 0.0232347 0.0043664 0.0138157 0.0138264 0.0144024 0.0144024 0.0144506 0.0155533 0.0086065 0.0086065 0.0087216 0.0127459 0.0000000 0.0052725 0.0216709 0.0191522 0.0184616 0.0181078 0.0192995 0.0210018 0.0189533 0.0190162 0.0202519 0.0201918 0.0257508 0.0153143 0.0216001 0.0242037 0.0218995 0.0268953 0.0239146 0.0210346 0.0210346 0.0185954 0.0212159 0.0271846 0.0243714 0.0219558 0.0243685 0.0280489 0.0279888 0.0223456 0.0359258 0.0537572 0.0232362 0.0232362 0.0129237 0.0087846 0.0227733 0.0216210 0.0308355 0.0316976 0.0279917 0.0272481 0.0555028 0.0316275 0.0174652 0.0165631 0.0369766 0.0341754 0.0377670 0.0543684 0.0167484 0.0728326 0.0212496 0.0549105 0.0549978 0.0548430 0.0554742 0.0546835 0.0549241 0.0530064 0.0526334 0.0587864 0.0549573 0.0519458 0.0519458 0.0632596 0.0627208 0.0607452 0.0530939 0.0658218 0.0559236 0.0649140 0.0676084 0.0680035 0.0670063 0.0587058 0.0678557 0.0658978 0.0680538 0.0697288 0.0671990 0.0750044 0.0756487 0.0680130 0.0700467 0.0626073 0.0720694 0.0603322 0.0575728 0.0619948 0.0779264 0.0780022 0.0730778 0.0818387 0.0810309 0.0957352 0.0492955 0.0473480 0.0493713 0.0486453 0.0141491 0.0214080 0.0058132 0.0165376 0.0273764 0.0410184 0.0440724 0.0471300 0.0438858 0.0495499 0.0485082 0.0410999 0.0323930 0.0240382 0.0266183 0.0462138 0.0462906 0.0424355 0.0866932 0.0757899 0.0631861 0.0685414 0.0605618 0.0711900 0.0698743 0.0633626 0.0602767 0.0688187 0.0638160 0.0755372 0.0797351 0.0712060 0.0522006 0.0597204 0.0690214 0.0000010 0.0060150 9.0000000 9.0000000 0.0245039 9.0000000 0.0478926 9.0000000 9.0000000 0.1720101 0.1393589 0.2597210 0.1884741 0.2136101 0.0983314 0.0416098 
Pellobunus               0.0214806 0.0257736 0.0243528 0.0080095 0.0020569 0.0231373 0.0223474 0.0080158 0.0154247 0.0149635 0.0163487 0.0158516 0.0149359 0.0186390 0.0121017 0.0102232 0.0103589 0.0171012 0.0052725 0.0000000 0.0245135 0.0224019 0.0224993 0.0215421 0.0219707 0.0273256 0.0163277 0.0197681 0.0197493 0.0216801 0.0257184 0.0156528 0.0193739 0.0213607 0.0254309 0.0289207 0.0279814 0.0238443 0.0233400 0.0217144 0.0241939 0.0325933 0.0284920 0.0237264 0.0262176 0.0316387 0.0292070 0.0240243 0.0358237 0.0488708 0.0278816 0.0267074 0.0141971 0.0088981 0.0252538 0.0263819 0.0300530 0.0347044 0.0309784 0.0315792 0.0554211 0.0357634 0.0222773 0.0220698 0.0364033 0.0315728 0.0350099 0.0476849 0.0176380 0.0629217 0.0215334 0.0482193 0.0483510 0.0481603 0.0487496 0.0480705 0.0482763 0.0464011 0.0460634 0.0519295 0.0482589 0.0455025 0.0454500 0.0561805 0.0555990 0.0537951 0.0465306 0.0544427 0.0492329 0.0532337 0.0561179 0.0564615 0.0555923 0.0473199 0.0586735 0.0567794 0.0588399 0.0603905 0.0600295 0.0673713 0.0680248 0.0607611 0.0626469 0.0555365 0.0645345 0.0533603 0.0507332 0.0550016 0.0701437 0.0699430 0.0633642 0.0739051 0.0710167 0.0872864 0.0429832 0.0411315 0.0430474 0.0385602 0.0167317 0.0281621 0.0057600 0.0157395 0.0326060 0.0350196 0.0396453 0.0410599 0.0379063 0.0433442 0.0422813 0.0353141 0.0269509 0.0260203 0.0221891 0.0554390 0.0509562 0.0502554 0.0872504 0.0667520 0.0574777 0.0672634 0.0520071 0.0697978 0.0685709 0.0621326 0.0590971 0.0675442 0.0625814 0.0740857 0.0783281 0.1108711 0.0832763 0.0821632 0.0684478 0.0215509 0.0083838 0.0897432 0.0806359 0.0253232 0.1135735 0.0542491 0.1336623 0.2856964 0.1509909 0.1457592 0.2441625 0.1902662 0.2198412 0.1398246 0.0697787 
Glysterus                0.0270364 0.0249035 0.0268566 0.0079658 0.0020394 0.0277063 0.0226357 0.0079720 0.0177012 0.0172383 0.0196542 0.0191451 0.0181649 0.0226081 0.0199516 0.0176840 0.0173787 0.0227015 0.0216709 0.0245135 0.0000000 0.0033692 0.0043249 0.0033887 0.0055528 0.0073419 0.0191429 0.0225465 0.0230320 0.0168767 0.0087145 0.0185680 0.0242970 0.0264931 0.0183856 0.0272669 0.0265276 0.0220574 0.0215624 0.0202658 0.0239572 0.0273319 0.0242543 0.0213088 0.0237893 0.0284506 0.0305469 0.0246910 0.0373918 0.0501905 0.0332912 0.0316387 0.0195781 0.0176598 0.0246435 0.0268145 0.0323037 0.0311527 0.0275089 0.0259030 0.0479688 0.0276837 0.0030618 0.0259976 0.0344714 0.0304886 0.0413396 0.0447254 0.0218688 0.0610428 0.0264474 0.0548265 0.0549782 0.0547603 0.0555840 0.0566513 0.0568985 0.0529531 0.0525867 0.0586422 0.0530390 0.0524439 0.0523819 0.0507132 0.0500265 0.0507948 0.0549383 0.0617220 0.0450621 0.0555308 0.0546613 0.0635631 0.0645061 0.0573305 0.0641411 0.0622390 0.0643234 0.0620411 0.0597459 0.0669857 0.0676282 0.0604647 0.0623244 0.0582071 0.0613685 0.0541449 0.0533422 0.0596833 0.0697237 0.0658046 0.0661914 0.0749500 0.0792498 0.0822493 0.0468237 0.0449160 0.0468948 0.0632263 0.0198069 0.0268030 0.0156427 0.0230714 0.0312869 0.0324637 0.0383885 0.0347273 0.0368479 0.0440330 0.0429874 0.0412709 0.0325391 0.0229309 0.0352179 0.0447448 0.0509505 0.0523351 0.1006707 0.0640936 0.0550848 0.0644615 0.0537988 0.0616214 0.0598335 0.0499414 0.0515497 0.0657228 0.0556205 0.0704054 0.0769262 0.1158328 0.0842558 0.0901386 0.0645342 0.0279515 0.0104619 0.1126476 0.1010562 0.0230707 0.1410353 0.0586415 0.1194514 0.3685706 0.1692688 0.1467086 0.2475764 0.1945894 0.2170966 0.1441100 0.0747464 
Heterocranaus            0.0240840 0.0205013 0.0253311 0.0079310 0.0020394 0.0255056 0.0200662 0.0079372 0.0157263 0.0152689 0.0176459 0.0171468 0.0167624 0.0205131 0.0179145 0.0152841 0.0138016 0.0201242 0.0191522 0.0224019 0.0033692 0.0000000 0.0034327 0.0025224 0.0046627 0.0046908 0.0165197 0.0200092 0.0204892 0.0168662 0.0105351 0.0165409 0.0221681 0.0242788 0.0163796 0.0267917 0.0234991 0.0199733 0.0194856 0.0168143 0.0224951 0.0284160 0.0232145 0.0212638 0.0247312 0.0253015 0.0283220 0.0225641 0.0343768 0.0453428 0.0317649 0.0301024 0.0175313 0.0146827 0.0263917 0.0264549 0.0307640 0.0290248 0.0254439 0.0248713 0.0431849 0.0256051 0.0021700 0.0238255 0.0331045 0.0291889 0.0382798 0.0374912 0.0195639 0.0666233 0.0231359 0.0472818 0.0474094 0.0472245 0.0479202 0.0490312 0.0492400 0.0454902 0.0451604 0.0509398 0.0455628 0.0450263 0.0449746 0.0468229 0.0425908 0.0468974 0.0473754 0.0538299 0.0362098 0.0476896 0.0471342 0.0555350 0.0565364 0.0492039 0.0562036 0.0543571 0.0563604 0.0542142 0.0520344 0.0588949 0.0594484 0.0526657 0.0544661 0.0503946 0.0533363 0.0465088 0.0458327 0.0518647 0.0614820 0.0573473 0.0579041 0.0642273 0.0684126 0.0711857 0.0396618 0.0378415 0.0397206 0.0515748 0.0176354 0.0264200 0.0130594 0.0202335 0.0301544 0.0361477 0.0421743 0.0385525 0.0336902 0.0407619 0.0396974 0.0343411 0.0260036 0.0200892 0.0320603 0.0475106 0.0479246 0.0505992 0.0913651 0.0623940 0.0492727 0.0580047 0.0474782 0.0597649 0.0535387 0.0463895 0.0455455 0.0592813 0.0477941 0.0598890 0.0700328 0.1104912 0.0809164 0.0866858 0.0623977 0.0279515 0.0111327 0.1126476 0.1010562 0.0230202 0.1410353 0.0527822 0.1194514 0.3685706 0.1609822 0.1459058 0.2433593 0.1912059 0.2174568 0.1384635 0.0763174 
Goniosoma                0.0239923 0.0205546 0.0255072 0.0073107 0.0022378 0.0256836 0.0200016 0.0073168 0.0156596 0.0151911 0.0181405 0.0176257 0.0167205 0.0205640 0.0184225 0.0145245 0.0147609 0.0200610 0.0184616 0.0224993 0.0043249 0.0034327 0.0000000 0.0008536 0.0038964 0.0061230 0.0158117 0.0199838 0.0204743 0.0158541 0.0094218 0.0161635 0.0232845 0.0249517 0.0163281 0.0264753 0.0256793 0.0195078 0.0190093 0.0184271 0.0225952 0.0275378 0.0243444 0.0213326 0.0248857 0.0270764 0.0296274 0.0236882 0.0353317 0.0481376 0.0304115 0.0287054 0.0180327 0.0155688 0.0265912 0.0266565 0.0310752 0.0309641 0.0272360 0.0255924 0.0449111 0.0262461 0.0031217 0.0239607 0.0334032 0.0294504 0.0378605 0.0376725 0.0195941 0.0661016 0.0232107 0.0457505 0.0458737 0.0456949 0.0481555 0.0474897 0.0476915 0.0439698 0.0436471 0.0493865 0.0457876 0.0435149 0.0434650 0.0418725 0.0427894 0.0419387 0.0458408 0.0522437 0.0365019 0.0479093 0.0456063 0.0557952 0.0549420 0.0494343 0.0546159 0.0527773 0.0547668 0.0526442 0.0504831 0.0572801 0.0578170 0.0510980 0.0528901 0.0488171 0.0535935 0.0467404 0.0443036 0.0502891 0.0598409 0.0575995 0.0581521 0.0647677 0.0686823 0.0716418 0.0415390 0.0396930 0.0416011 0.0514136 0.0181468 0.0272132 0.0128038 0.0201669 0.0304814 0.0346884 0.0407085 0.0387359 0.0338563 0.0409544 0.0398883 0.0345063 0.0261339 0.0208508 0.0323525 0.0461714 0.0500613 0.0506914 0.0974308 0.0619597 0.0512993 0.0563467 0.0478338 0.0581081 0.0520714 0.0466075 0.0441153 0.0576295 0.0480149 0.0620969 0.0682790 0.1112757 0.0832798 0.0892908 0.0614769 0.0319860 0.0115173 0.1218246 0.1104140 0.0231365 0.1520103 0.0566757 0.1261058 0.3863728 0.1612378 0.1472914 0.2501190 0.1988542 0.2261903 0.1398655 0.0799956 
