120
Trojanella              0.0000000 0.7605541 0.6874300 0.5451910 1.1331252 1.0978142 1.0490149 0.8993200 1.0013229 1.2631099 1.2144653 1.0562079 1.1172881 1.1897696 1.1169197 1.2760808 1.1532248 1.0731631 1.0538539 1.0095979 1.2162567 1.0435526 0.8900645 1.1102997 1.1816139 1.0332616 1.0871367 1.2031535 1.1013789 1.3450144 1.0030363 1.1561583 0.9670334 1.1211022 0.9585777 1.2174788 1.1685269 1.0678980 1.0573474 1.0272519 0.8812058 1.0640659 0.9748465 0.9391004 1.0894219 0.9653875 0.9650282 0.9710999 0.9930415 0.8650065 0.8818072 0.9760788 1.0543473 1.0733324 1.0283517 1.1244370 1.1007906 1.0913548 1.2602970 1.3237357 1.1143274 0.9348516 0.9858450 1.0035254 1.0914987 1.1316774 1.0199718 1.1532374 1.0417124 1.1510651 0.9437899 0.8970426 0.9038843 0.9024739 0.9164060 0.8879212 1.2064578 0.8481737 0.8339773 0.9752109 1.0365194 1.0778669 0.8121756 0.8369811 0.9684760 0.9565148 1.2253148 1.2516386 1.2990928 0.8813088 1.0439238 0.9643303 1.0799198 1.1045115 1.0568272 1.1718045 1.0302228 0.8581920 0.9986149 1.2770459 1.0323334 1.1625517 1.1169079 1.3569721 1.1421518 1.2630450 0.9901471 1.2355835 1.0793148 1.2427177 1.3537681 1.0916719 1.0585470 1.1813595 1.3583219 1.2181409 1.1654832 1.1205742 1.4573441 1.4869749 
Holoscotolemon          0.7605541 0.0000000 0.4845712 0.6187122 1.0422192 0.9176526 0.8224109 0.8418525 0.7720849 1.0625981 1.0716914 1.0592093 1.0160554 0.8454542 1.0331955 1.2167481 1.0938332 0.9572266 0.7320706 0.9236855 0.8948877 0.9041965 0.9800397 1.1384410 1.3119741 1.0941788 1.0707637 1.0932779 1.1128818 0.8642745 0.9098645 1.0469677 0.8068732 0.8643377 0.8169087 0.9735972 1.0195694 1.2254737 1.1167227 1.0674823 1.0514165 1.1639614 1.0744793 0.9307384 1.0371357 1.0667382 1.0293400 1.0293400 1.0307796 0.9935019 0.9947647 1.0431214 1.1579767 1.2653503 1.1682938 1.4094063 1.1391341 1.0692752 1.2168604 1.2589027 1.4297816 1.0560901 1.1773483 0.9758154 1.1123510 1.0401338 1.0493628 1.1903645 1.0915598 1.0403381 0.9999842 0.7755622 0.8348138 0.7934528 0.9735856 1.0188937 1.0203297 0.9976064 1.0254343 1.0240343 0.9406473 1.1046924 0.8963518 0.8928528 0.9836635 1.0168435 1.0841522 1.1693749 1.3982691 0.9063148 1.0309604 1.1169959 1.2231247 1.2821725 1.2048557 1.1342586 0.8448804 0.7853293 1.0061093 1.2472731 1.2792404 1.1914485 0.9748570 1.1201052 1.0559603 1.2970591 0.9382549 1.2525690 1.1338047 1.1742327 1.1396605 1.2286547 0.9080771 1.2380915 1.2117133 1.0732348 1.1033605 0.9323625 1.5175934 1.2650800 
Peltonychia             0.6874300 0.4845712 0.0000000 0.3779836 1.0745493 1.0859582 0.8763254 0.8999608 0.8861719 1.2105059 1.1262378 0.8731293 1.0828577 0.9725295 1.1315578 1.4734563 1.1417079 1.1292702 0.8097090 0.9582307 1.0425355 0.9729107 1.0551677 1.2268092 1.1904730 1.1595325 1.2414945 1.4286611 1.2209536 1.1078314 0.9155078 1.1480508 0.9546582 0.9927185 0.8926102 1.0842869 1.0510020 1.3566332 1.1794449 1.1671913 1.2038177 1.0337759 1.0274782 1.0100136 1.0349115 1.0177915 1.0196111 1.0071323 1.0290829 0.9677752 1.0748680 1.1485531 1.1051202 1.0641221 0.9928329 1.2696338 1.2102986 1.0433259 1.0898877 1.1686596 1.5011362 1.0583668 1.1337132 1.0853441 0.9876720 1.1254961 1.3388566 1.2777182 1.2428833 1.2288336 0.9882649 0.8779439 0.8276882 0.8438692 0.9698844 1.0731247 1.1319559 0.9882842 0.9618532 1.0724827 0.8909975 1.1154591 0.9280534 0.9144375 1.1841239 1.0366696 1.3658035 1.2233973 1.2511854 0.8284905 1.1476749 1.0108666 1.0985737 1.1866560 1.0711301 1.1748478 0.8934325 0.8628016 0.9619116 1.1008589 1.1904060 1.3827789 1.0725485 1.2951422 0.9969959 1.3029031 0.9289042 1.3035255 1.0873497 1.1463750 1.3013923 1.2615872 1.0951753 1.1183706 1.3968356 0.9661947 1.1841581 1.0218639 1.3487453 1.2186412 
Zuma                    0.5451910 0.6187122 0.3779836 0.0000000 0.8290611 0.8370428 0.8216121 0.6999211 0.7847809 0.8821642 0.9116786 0.6531214 0.9869801 1.0169973 0.9548201 1.1853996 0.8493788 1.0445386 0.7639553 0.9526025 0.8001752 1.1345499 0.7283511 1.1080450 1.5125629 1.0313909 1.1035957 1.0841563 0.9561005 0.8585643 0.7575897 1.0598504 0.8013288 0.8426544 0.7995018 1.1485785 0.9976629 1.2036240 1.1204332 1.0569497 0.9777385 0.8774915 0.9145851 0.7981581 0.9221280 0.9277556 0.8911774 0.8959481 0.9698732 0.8456541 0.9192243 0.9446860 1.0596892 0.8821823 0.9650054 0.9570869 1.0068896 0.9224862 1.0432030 0.9305774 1.1525630 0.9252167 1.0638242 0.8959705 0.9404780 1.0429655 1.0361387 1.0768053 0.9627297 1.0650000 0.9091836 0.8851443 0.7564890 0.8626657 0.7606973 0.9465204 1.0840329 0.7853132 0.7734216 0.9780339 0.9470460 1.1339047 0.7297851 0.7349647 1.1827753 0.8901765 1.0199610 1.0044725 1.1391024 0.9379820 0.8451259 0.7839833 0.8567017 1.0406857 0.8569987 0.9866311 0.8501264 0.5782919 1.1039762 1.1384893 0.9782015 1.0163107 0.8887782 1.0958028 1.0167595 1.1929161 0.7934863 0.9884898 0.8887102 0.9602652 1.4446460 1.1518716 0.8035367 0.9953696 1.1593800 1.2117374 1.1787738 1.1461302 1.3336694 1.3721040 
As009_Cam               1.1331252 1.0422192 1.0745493 0.8290611 0.0000000 0.1533592 0.2276484 0.4010410 0.4071638 0.6200061 0.6512255 0.5509780 0.7281350 0.7685924 0.9813282 1.2976789 1.1784060 1.3652238 0.8260172 0.8802588 0.9983435 1.0957418 0.7982180 1.3250069 1.4192079 1.3793581 1.2950914 1.4025143 1.1368846 1.1377286 0.9021328 1.0869415 1.0328482 0.9602939 0.9174658 1.0095303 1.1361614 1.1969486 1.0225995 0.8304371 1.0636047 0.9081190 0.8707421 0.8332389 0.8469567 0.8218050 0.9654058 0.9830760 1.0169875 0.8301939 0.8686212 0.9169924 0.8585740 0.9171046 0.9923896 1.1198633 1.1487934 0.9769757 0.9289108 0.9956391 1.1883762 0.9709936 1.0408638 1.0215863 0.9936554 1.0104278 1.1318369 1.0052855 1.1191168 1.0822030 0.8817890 0.7297393 0.6288745 0.6779145 0.7197670 0.9605229 0.9869442 0.9018100 0.9396376 1.0965231 0.9354795 1.1160604 0.8050498 0.7992299 0.9796549 0.9345750 1.2733343 1.0325434 1.0827450 0.9214022 0.8872500 0.9711426 1.0678431 1.1017341 1.0941031 1.1505154 0.7155612 0.5535264 0.9359328 1.0198304 1.0127382 1.0798419 1.2085855 1.3912943 1.2202602 1.1962103 0.9364914 1.0051130 0.8101035 1.0906945 0.9783221 1.1188088 0.8418752 0.9281660 1.5031678 0.9061306 1.0917391 0.9888797 0.9733125 1.1220519 
As050_Cam               1.0978142 0.9176526 1.0859582 0.8370428 0.1533592 0.0000000 0.2505979 0.3785463 0.3826174 0.5846695 0.6340034 0.5307472 0.7796484 0.7474021 0.8808153 1.3517369 1.2150219 1.1913214 0.9070991 0.8438547 1.0344142 1.0839561 0.9171646 1.3869220 1.2973501 1.2998403 1.2436280 1.3288169 1.1053168 1.1119452 1.0084916 1.0412915 0.9563283 0.8541579 0.8386557 0.9967851 1.1010317 1.0942273 1.0313596 0.8611238 1.0897088 0.9133616 0.8684776 0.8031844 0.8522079 0.8522893 0.9474231 0.9706023 0.9683801 0.8268209 0.9786753 1.0341638 0.9296919 0.9101215 0.9511164 1.0757184 1.0823870 1.0388621 0.9119545 0.9501325 1.1562806 1.0102033 1.0956088 1.0484849 1.0514865 1.0316594 1.0523119 1.1445781 1.0475395 1.0821584 0.9236834 0.6340849 0.6206221 0.6405866 0.6564365 0.8487097 0.9607412 0.8417228 0.8680398 1.0253286 0.8115333 1.1146990 0.8205730 0.8238838 0.9472082 0.9616079 1.2031486 0.9839567 1.0679520 1.0102709 0.9178027 0.9702238 1.1323791 1.0832505 1.2389828 1.1357926 0.6407338 0.5542946 0.8239886 1.1299548 1.0684927 0.9935823 1.2573603 1.3153552 1.1991370 1.2188434 0.8446211 0.9155892 0.7706107 1.1397418 1.0868304 1.2031710 0.8804236 0.9789454 1.3825890 0.7857384 1.0301528 0.9751415 1.0680181 1.0598233 
As018_Gab               1.0490149 0.8224109 0.8763254 0.8216121 0.2276484 0.2505979 0.0000000 0.4000530 0.3815527 0.5331837 0.5807762 0.6214217 0.9072313 0.9254331 0.8465837 1.2437770 1.1694259 1.0791205 0.6968726 0.8979951 0.9800427 0.8694027 0.8165456 1.1945401 1.3240958 1.1154728 1.1806959 1.1934674 1.2723951 0.8775675 0.8479078 0.9844989 0.9404883 0.9717044 0.8221394 0.8778286 0.9901799 1.0814766 1.0589569 0.8601348 1.0657099 0.7377328 0.7588304 0.7534171 0.6902658 0.7248037 0.7693827 0.7836400 0.7857760 0.6916182 0.8176003 0.8683584 0.7793836 0.8746310 0.8919725 0.9947380 0.9081185 0.9352672 0.7984886 0.9540417 1.0826263 0.8277410 0.9261748 0.9386629 0.9284854 1.0113875 1.0296096 1.0113506 1.0347208 1.0697583 0.8442368 0.7344137 0.5886356 0.6383017 0.6516405 0.8263876 0.9039331 0.7640825 0.7636410 0.8394867 0.7902000 0.9576861 0.6993430 0.7074642 1.0106996 0.8558309 1.0414390 0.9352465 0.9899894 0.8202941 0.8889035 0.9039961 1.0200398 0.9174909 0.9969267 1.0468655 0.6900507 0.5700905 0.8565669 1.0004156 1.0074453 1.0161481 1.0720425 1.3856308 1.2353001 1.0725310 0.7545686 0.9617498 0.8179344 1.0575677 0.9562516 0.9201118 0.7534319 0.8939902 1.3079874 0.8848700 1.0288154 0.9132629 1.0107905 1.0543306 
As011_Gab               0.8993200 0.8418525 0.8999608 0.6999211 0.4010410 0.3785463 0.4000530 0.0000000 0.1886055 0.4444121 0.4809534 0.5133671 0.8975155 0.7992871 0.8988480 1.3072949 1.1570156 1.0243400 0.7779935 0.8612577 1.0831461 0.9606030 0.8079253 1.2073879 1.3685702 1.0852118 0.9850529 1.1385905 1.0712064 0.9373864 0.8703530 0.8794484 0.8592432 0.7600439 0.7228386 0.9722348 0.9737672 1.0628416 1.0374101 0.8712920 0.9971390 0.9253629 0.9204593 0.9316862 0.8921711 0.9867169 0.7923087 0.8065104 0.7952216 0.7914065 0.9711089 1.0042870 1.0230089 0.9311552 1.0905045 1.1821283 1.0551373 1.0343803 0.8678462 1.0643715 1.2776912 0.9171868 0.9846388 0.9522462 0.9199662 0.8691898 0.9121427 0.9553190 0.9341519 0.8960288 0.8220633 0.6764856 0.6120890 0.6639624 0.6237955 0.8961019 0.9912708 0.7704587 0.8119409 0.8546282 0.8285544 1.0228988 0.7613946 0.7714850 1.0334867 0.9426047 1.0779745 1.0188299 1.1267079 0.8107030 0.9473783 0.8652342 1.0325630 1.0797955 1.0548083 0.9736614 0.6228269 0.6001544 0.8523136 0.9093050 0.8607224 0.8863574 1.1067783 1.2366885 1.0756467 1.0560330 0.7611129 0.9317373 0.7306192 0.9935899 0.9925170 1.0573571 0.7792218 0.8233430 1.2364526 0.9397535 1.1734935 1.0556157 1.0108946 1.1145110 
As056_Gab               1.0013229 0.7720849 0.8861719 0.7847809 0.4071638 0.3826174 0.3815527 0.1886055 0.0000000 0.4717060 0.4922112 0.5157341 0.8567124 0.8203313 0.9590110 1.2660350 1.1047072 1.0728879 0.7506904 0.8526072 0.9775348 1.0643452 0.8262183 1.3082217 1.2502633 1.3207095 1.2081874 1.2970391 1.1530342 0.8837983 0.8995700 0.9759616 0.9096161 0.8635398 0.8531100 0.9425842 1.0510865 1.1391773 0.9780443 0.8771669 0.9622494 0.9188592 0.9711506 0.8917976 0.9143677 0.9467397 0.8485926 0.8642077 0.8512684 0.7884869 0.8889565 0.9767362 1.0325404 0.8908525 1.1022658 1.1608588 1.1442941 1.1686481 0.9210506 1.0701384 1.3389364 0.9533812 1.1260570 1.0350431 1.0257567 0.9703775 0.9438491 1.0089419 0.9415165 1.1196840 0.9098298 0.7704186 0.6332814 0.6865871 0.7937123 0.9947643 1.0200926 0.8386693 0.8846940 0.8944491 0.8557461 1.0704866 0.9253715 0.9244738 1.0123715 1.0561260 1.1216558 1.0365716 1.0762815 0.8826175 0.9750603 0.8930743 1.2002510 1.2484281 1.1435926 1.1051326 0.6891278 0.5681589 0.8051442 1.2028810 1.0221750 1.0024356 1.0780255 1.4444341 1.2372088 1.1658571 0.8220861 1.0895521 0.7624581 1.0386674 1.0474032 1.0145509 0.8003003 0.8206434 1.2838073 0.8047273 1.0473586 0.9230773 1.1252398 1.1430455 
As027_Gab               1.2631099 1.0625981 1.2105059 0.8821642 0.6200061 0.5846695 0.5331837 0.4444121 0.4717060 0.0000000 0.3413570 0.5986338 0.9058033 0.9300749 1.2173005 1.5566757 1.4850636 1.4002540 0.8638004 1.1553097 1.3353223 1.0931000 1.0948580 1.3805071 1.6032080 1.4427337 1.2955042 1.2795419 1.1226920 1.0184020 1.1850211 1.0888541 1.0255556 1.0989342 0.9496154 0.9302907 1.0633721 1.1676616 1.3100165 0.9962956 1.1584008 1.2327292 1.1096770 0.9733721 1.1567615 1.1524966 1.0921798 1.0970137 1.1306468 1.0668279 1.0702980 1.1771092 1.1452495 1.0883443 1.2780228 1.3296055 1.3742474 1.4313342 1.0460078 1.3643993 1.4142139 1.1402222 1.2038659 1.1907572 0.9951262 1.1643539 1.1271837 1.0612081 1.2431620 1.1562579 1.0525167 0.7202062 0.8408060 0.8094553 0.7228587 0.9853799 1.1394939 0.9993184 1.0259741 1.0236265 0.9069952 1.1130562 0.9798173 0.9547141 1.0140005 1.0007610 1.2309025 1.0997404 1.2119610 1.0319533 1.1225671 0.9765835 1.2723666 1.3007887 1.1828017 1.3630957 0.8746166 0.6884922 0.8892123 1.2592949 0.9569526 0.9920821 1.2207888 1.3223269 1.5888135 1.3194023 1.0492456 1.1608506 1.0137010 1.1792920 1.2007919 1.2329732 0.8615338 0.9910502 1.5644488 1.0316894 1.4381176 1.3174966 1.2648927 1.2090170 
As084_Cam               1.2144653 1.0716914 1.1262378 0.9116786 0.6512255 0.6340034 0.5807762 0.4809534 0.4922112 0.3413570 0.0000000 0.7118989 1.0610790 0.9198139 1.1483321 1.7513821 1.4464625 1.3693457 1.1097951 1.1168267 1.3367259 1.3559688 1.1550988 1.3440884 1.3140259 1.4916888 1.4122316 1.3013702 1.0995199 1.1987352 1.1688226 1.1331385 1.1872399 1.1626012 1.2290233 1.1062138 1.2211017 1.1875011 1.3098230 1.0765943 1.2193288 1.0188016 1.1826862 0.9818227 1.0776679 1.0849826 1.1791551 1.2002818 1.2254292 1.0558881 1.0836264 1.1757269 1.0323332 1.1841472 1.1631173 1.2622790 1.4216939 1.4246347 1.0558302 1.1692551 1.3962189 1.1797363 1.2593872 1.2955632 1.0158368 1.1091113 1.2360970 1.2186748 1.3240877 1.4252916 1.0519439 0.8832981 0.9016822 0.9626733 0.9779871 1.0794194 1.1349925 1.0188750 1.0708950 1.1332360 1.0412810 1.2261411 1.0440880 1.0694113 0.9981628 1.0973172 1.1840397 1.2013140 1.1117868 1.1090799 1.1518015 1.0063499 1.2752295 1.2934111 1.2440821 1.4010320 0.9890147 0.7257511 1.0976058 1.5076961 1.1178746 1.1068181 1.4855139 1.4584055 1.7627714 1.4524256 1.2303652 1.3254911 1.0990412 1.2723550 1.2160552 1.1882330 1.0662183 1.0721155 1.5793777 1.1620614 1.6222416 1.5526420 1.5080520 1.3070303 
As057_Gab               1.0562079 1.0592093 0.8731293 0.6531214 0.5509780 0.5307472 0.6214217 0.5133671 0.5157341 0.5986338 0.7118989 0.0000000 0.7252743 0.6856404 0.9976885 1.3007721 1.0331023 0.9999034 0.7290962 0.8725013 0.9285640 0.9670611 0.8381454 1.1992847 1.1131433 1.2480196 1.2758746 1.2551523 0.9314021 0.9554701 0.6987880 0.8877881 0.9317268 0.8807708 0.8207556 1.0442775 1.0105953 1.0467913 0.9939994 0.9017911 0.8662847 0.9307120 0.9797865 0.8732106 0.9404328 0.9046808 0.8978189 0.9083752 0.9123919 0.8170171 0.8832927 0.9131372 1.0708850 0.8419984 1.0746056 1.1645437 1.2852860 1.1821866 1.0459580 1.0905823 1.1203155 0.8320339 0.9025021 0.9973717 0.9894469 0.9330189 1.0612545 1.0539347 1.0514391 1.1239740 0.8678181 0.7006121 0.6096590 0.6068668 0.7372943 0.8624090 0.8699403 0.6991241 0.7015289 0.9006242 0.8390974 0.9046439 0.8020176 0.8092401 1.0554614 0.9076944 1.0993133 0.8884376 1.0599276 0.8278399 0.9453873 0.9384820 0.9236365 1.0653594 1.0596385 1.0624053 0.8001317 0.6535488 0.9560947 1.0332826 1.0855147 1.1338359 1.0385549 1.1839534 1.2460552 1.2330653 0.7848211 1.1385773 0.9628660 1.1562267 0.9725928 1.1234587 0.8441212 0.7718297 1.3251317 1.0925763 1.1951610 1.0994993 1.1766293 1.0397171 
As058_Gab               1.1172881 1.0160554 1.0828577 0.9869801 0.7281350 0.7796484 0.9072313 0.8975155 0.8567124 0.9058033 1.0610790 0.7252743 0.0000000 0.2360256 1.2242478 1.5729596 1.4053060 1.3821679 1.0704394 0.9974325 1.0887403 1.2796968 1.0536619 1.3692298 1.5607096 1.7696059 1.4167823 1.5990044 1.3164426 1.3773520 1.1581881 1.3855657 1.3779625 1.3974341 1.2734100 1.2776893 1.3376171 1.5403339 1.4083003 1.2013561 1.3673834 1.3508020 1.4219234 1.1424184 1.2306909 1.2551965 1.2644048 1.2704594 1.3071411 1.2156409 1.3767309 1.4464907 1.0893986 1.2448437 1.2819754 1.4779325 1.5311850 1.5719787 1.3110232 1.5891027 1.2343954 1.0976591 1.1772464 1.3244127 1.3558470 1.3354620 1.2851702 1.2403252 1.2584401 1.1899715 1.1906415 1.1526562 0.8872179 0.9085256 1.0789681 1.1242016 1.2014793 1.0975451 1.1149695 1.2310508 1.1377145 1.4269527 1.3194945 1.3015845 1.4673317 1.2228680 1.3215650 1.2041916 1.1704979 1.1591521 1.3039096 1.3265266 1.2521826 1.3724980 1.3264576 1.6264945 0.9627695 0.8826333 1.2660873 1.5645639 1.2669620 1.3840940 1.2510792 1.2820070 1.3063272 1.3403737 1.3263411 1.2533919 1.4253082 1.2615126 0.9846788 1.3686114 1.1128828 1.0491813 1.2488202 1.0971616 1.1358508 1.1125109 1.1658412 1.1515138 
As040_Gab               1.1897696 0.8454542 0.9725295 1.0169973 0.7685924 0.7474021 0.9254331 0.7992871 0.8203313 0.9300749 0.9198139 0.6856404 0.2360256 0.0000000 1.0147842 1.5645049 1.4157417 1.4727030 1.0026245 1.1154376 1.1972340 1.4606876 0.9847435 1.5553762 1.6769089 1.6934369 1.5229864 1.6904756 1.4094686 1.4065471 1.2557175 1.4546558 1.4068718 1.3437562 1.2660726 1.1499268 1.4356021 1.5420701 1.3991139 1.2949142 1.3402181 1.4006078 1.4022857 1.1880199 1.1391645 1.2406761 1.2920821 1.3158131 1.3737934 1.3705258 1.4710440 1.6678664 1.2574297 1.4211347 1.3876032 1.5075929 1.6487668 1.6619398 1.4044230 1.5368122 1.3014153 1.1813408 1.1906719 1.3039783 1.3819327 1.1526959 1.2081518 1.1952547 1.1732283 1.3486445 1.3289654 1.0620037 0.9181784 0.9275249 1.0939383 1.2835286 1.3855681 1.0993906 1.1313416 1.2779374 1.1544918 1.4811779 1.2778035 1.2823321 1.2475381 1.1437555 1.4047891 1.2275717 1.2045059 1.1563551 1.1953935 1.3455854 1.3628502 1.4424452 1.4963583 1.5565136 1.0163303 0.8665812 1.2535239 1.6583777 1.3893424 1.3287757 1.3525281 1.4499456 1.4160380 1.3761204 1.2719299 1.2099266 1.2175869 1.1555515 1.1392598 1.3247186 1.0548436 1.1525533 1.4913779 1.0771195 1.1277586 1.1052805 1.2368908 1.1968019 
Scotolemon              1.1169197 1.0331955 1.1315578 0.9548201 0.9813282 0.8808153 0.8465837 0.8988480 0.9590110 1.2173005 1.1483321 0.9976885 1.2242478 1.0147842 0.0000000 0.7490316 1.3098494 1.0786791 0.9076975 1.0614943 0.9940606 1.1147421 1.0052443 1.0037492 1.6212257 1.1941923 1.0188310 1.2608086 1.3118168 1.0829018 1.0731432 1.0249922 1.0048159 0.9578449 0.8019799 1.1648701 1.1403552 1.1391166 1.3560952 1.3125756 1.0683987 1.0764668 1.1819205 1.0744705 1.0175513 1.1368890 1.0388530 1.0383974 1.0410375 1.0804927 1.1336251 1.1407376 0.9856730 1.1641442 1.0453986 1.1720893 1.1277497 1.1535477 1.1701121 0.9872087 1.2217685 0.8527100 0.9885588 0.9669127 0.8807365 0.8291613 0.8755716 0.8823993 0.8782899 0.9247393 0.8132800 0.7209666 0.7139471 0.7419309 0.6961825 0.8523099 1.0753368 0.7383905 0.7309377 0.8354435 0.7138575 0.9222790 0.7513820 0.7596262 0.7880914 0.8163943 1.1840729 1.1034605 1.0895252 0.9265090 0.9519438 1.0500092 0.8242558 0.8910905 0.9205913 0.8459581 0.7989801 0.7700126 0.7864471 0.8656748 1.1312987 1.0219939 1.0844000 1.2454100 1.2583578 0.9573429 0.7944721 0.9348732 0.7521186 1.1847169 1.3171867 1.0335374 0.7779103 1.0392987 1.5653641 1.1249246 1.2438483 1.0992376 1.2796621 1.2257508 
Bishopella              1.2760808 1.2167481 1.4734563 1.1853996 1.2976789 1.3517369 1.2437770 1.3072949 1.2660350 1.5566757 1.7513821 1.3007721 1.5729596 1.5645049 0.7490316 0.0000000 0.8949223 0.7995869 0.9117967 0.8002771 0.7775607 0.9816117 0.9056201 0.7361126 1.0722808 0.6918908 0.7744747 0.7666557 0.8677832 0.9057040 0.8322418 0.8461698 0.8874254 0.8508123 0.8143417 0.7787494 0.7694939 0.9448162 0.9084277 0.9620275 0.8888665 0.7274107 0.9006777 0.7534426 0.8206361 0.8398260 0.6156272 0.6110929 0.6236429 0.7734283 0.5632841 0.5793089 0.7558943 0.7533448 0.6292833 0.7101602 0.6998391 0.7824298 0.9234248 0.7299219 0.8719039 0.6647128 0.7365844 0.7352238 0.7268283 0.6382877 0.5943644 0.6838463 0.6378846 0.5637807 0.6484650 0.6774147 0.7320064 0.7099175 0.6737335 0.6471536 0.5929388 0.6181845 0.6871645 0.6466023 0.7835142 0.6331339 0.7357499 0.7152945 0.7412818 0.6474437 0.7100431 0.8576285 0.8349912 0.6768527 0.6402635 0.7246900 0.6399398 0.6500174 0.6117589 0.5702047 0.9546984 1.1217874 0.7044034 0.7157948 0.7540015 0.7515391 0.6512859 0.6219084 0.7912511 0.7642554 0.8155022 0.9794833 1.1011294 0.9798745 1.1721448 0.7865991 0.8483262 1.2418570 0.8301853 1.1450627 0.8577051 0.9113807 1.0418328 0.8350052 
Protolophus             1.1532248 1.0938332 1.1417079 0.8493788 1.1784060 1.2150219 1.1694259 1.1570156 1.1047072 1.4850636 1.4464625 1.0331023 1.4053060 1.4157417 1.3098494 0.8949223 0.0000000 0.5294722 0.6166678 0.5406698 0.5392034 0.7138709 0.7858521 0.9526733 0.8748909 1.1019641 0.9158004 1.0218952 0.7902019 0.8654772 0.7603005 0.9240260 0.8948319 0.9061940 0.9772649 0.7469172 0.8868713 0.9545459 0.8479251 0.7947942 0.8682612 0.7501333 0.7183653 0.7677769 0.8959688 0.8068153 0.7156362 0.7334788 0.6982513 0.6872216 0.6413584 0.6484841 0.7163484 0.8324898 0.6676279 0.8022726 0.8325502 0.7919791 0.8914508 0.7127607 0.8523349 0.9379612 0.6940447 0.9200397 0.7216470 0.7604742 0.9659848 0.7426436 0.7938418 0.7906478 0.8231386 0.9360259 0.9330486 0.8866125 0.8627619 0.7960826 0.8361637 0.7157072 0.8546029 0.8022908 0.9390085 0.8764138 0.8269182 0.8114426 0.7942716 0.6751091 0.7667627 0.7941952 0.6319818 0.7552706 0.8018020 0.6844032 0.8174716 0.8969170 0.7723907 0.9015083 0.9638304 0.9107762 1.0155713 1.0255375 0.8753246 0.9036209 0.8346732 0.8143100 0.9465758 0.9477790 0.8313104 1.1393129 1.3086392 0.8568368 0.8830464 0.9645712 1.0250250 0.9828131 1.0116353 0.9421484 1.0530159 1.0977581 1.0432648 0.8621087 
Pantopsalis             1.0731631 0.9572266 1.1292702 1.0445386 1.3652238 1.1913214 1.0791205 1.0243400 1.0728879 1.4002540 1.3693457 0.9999034 1.3821679 1.4727030 1.0786791 0.7995869 0.5294722 0.0000000 0.5542872 0.5019966 0.5783146 0.6492544 0.6709767 1.0320079 1.0925272 0.7849685 0.8951069 0.9737922 0.8997729 0.8341855 0.7364597 0.7887544 0.8022252 0.8209773 0.7448582 0.8284340 0.8103920 1.0023266 0.9467166 0.8746166 0.9610984 0.7325504 0.8471515 0.9308085 0.9086643 0.8778412 0.7444220 0.7690977 0.7298112 0.7270391 0.8203786 0.8594378 0.8922688 0.8705104 0.7644015 0.8943841 0.9115843 0.7873408 0.9956567 0.8822932 0.8963881 0.8104797 0.7176093 0.8659266 0.9244894 0.7955685 0.7394645 0.8995882 0.8855056 0.6976019 0.7765660 0.7639495 0.7709015 0.6662592 0.6846842 0.7438374 0.6591268 0.7863029 0.8108093 0.7231636 0.6579467 0.7562467 0.7913522 0.7762394 0.8642809 0.7107417 0.6814789 0.8745761 0.9493877 0.7439523 0.8339973 0.8719506 0.9996447 0.9478163 0.8333611 0.7288557 0.9470617 0.9787260 0.8822350 0.8745413 0.8450649 0.7850460 0.6916665 0.7916307 0.8533519 0.8079135 0.8693477 1.1117962 1.1221888 1.0881060 0.9615389 0.8448972 0.9322447 1.1098824 0.9242765 1.0467214 0.8961794 0.9990482 0.9982444 0.8776596 
Hesperonemastoma        1.0538539 0.7320706 0.8097090 0.7639553 0.8260172 0.9070991 0.6968726 0.7779935 0.7506904 0.8638004 1.1097951 0.7290962 1.0704394 1.0026245 0.9076975 0.9117967 0.6166678 0.5542872 0.0000000 0.4318320 0.6332924 0.6005592 0.6125413 1.1179135 1.1380983 0.8950483 0.8719484 0.9752660 0.9073330 0.7900827 0.7037370 0.8091105 0.7430248 0.7222124 0.7342761 0.7079475 0.8316271 0.9916319 0.9375667 0.7362737 0.8162827 0.7412578 0.7976043 0.7105330 0.8524816 0.8289828 0.7405611 0.7389219 0.7622281 0.7457335 0.8625612 0.9442247 0.8379378 0.8441036 0.8416892 0.8952499 0.8148010 0.9308011 0.9158578 1.0162901 1.0543673 0.7888619 0.8018536 0.7636746 0.7442123 0.8215883 0.8189846 0.7947497 0.7892267 0.8334008 0.7788869 0.7329365 0.6534246 0.6347236 0.6346477 0.7142408 0.7631387 0.7135475 0.7217474 0.8079830 0.7344722 0.7825838 0.7483209 0.7397091 0.8220007 0.7400212 0.8215190 0.9259941 0.8965704 0.7419336 0.8876597 0.9117134 0.8547474 0.9111141 0.8613114 0.8565107 0.6691307 0.7387771 0.6967504 0.9062215 0.8510644 0.8323509 0.8025055 0.9077830 0.8809133 1.0402216 0.6397324 1.0028020 0.9635383 0.9069756 0.8001215 0.9144130 0.7089973 1.0463657 0.9596240 0.8629164 0.7235508 0.7438458 0.8337192 1.0094252 
Dendrolasma             1.0095979 0.9236855 0.9582307 0.9526025 0.8802588 0.8438547 0.8979951 0.8612577 0.8526072 1.1553097 1.1168267 0.8725013 0.9974325 1.1154376 1.0614943 0.8002771 0.5406698 0.5019966 0.4318320 0.0000000 0.5365172 0.6296283 0.7636811 0.9664957 0.8985984 0.8564111 0.8676923 0.9497795 1.0431847 0.8435524 0.6800478 0.8765866 0.7617387 0.7093724 0.7507352 0.7692760 0.8048448 0.8648327 0.7421738 0.6844979 0.8577335 0.5683732 0.6265357 0.6541053 0.7350925 0.7354581 0.6799931 0.6765636 0.6614750 0.6638303 0.7097859 0.7611865 0.6658396 0.7132855 0.6723476 0.7747171 0.6907566 0.7507254 0.8612002 0.7426229 0.8348300 0.8346262 0.7051345 0.8424558 0.7214866 0.7403053 0.7614353 0.7795957 0.7187448 0.7382648 0.6879135 0.7060423 0.6675565 0.6638451 0.7491947 0.6673779 0.6430155 0.6919989 0.7032162 0.7194960 0.7543200 0.7734415 0.8423504 0.8529375 0.6084976 0.6145626 0.6736320 0.7707495 0.7770523 0.6468789 0.6690184 0.7369724 0.8036122 0.8732335 0.8324677 0.7823520 0.7312132 0.7185562 0.8400814 0.9728673 0.8715202 0.9028158 0.8455975 0.6888720 0.8772957 0.8716887 0.8261459 0.9837236 1.0951197 0.9330636 0.9049038 0.8707937 0.8819371 0.9625970 0.9145595 0.7641862 0.7483741 0.7929223 0.8724765 0.8445288 
Trogulus                1.2162567 0.8948877 1.0425355 0.8001752 0.9983435 1.0344142 0.9800427 1.0831461 0.9775348 1.3353223 1.3367259 0.9285640 1.0887403 1.1972340 0.9940606 0.7775607 0.5392034 0.5783146 0.6332924 0.5365172 0.0000000 0.7557014 0.8442831 0.9661857 0.9682231 1.0462545 1.1122977 0.9296521 0.9182331 0.8038098 0.7105037 0.8336894 0.8867884 0.7831030 0.7744779 0.8604994 0.8774643 0.8700839 0.8003670 0.7951916 0.8834618 0.7878333 0.7303359 0.8005185 0.8532026 0.7811876 0.8360978 0.8360978 0.8148260 0.6665982 0.7624212 0.8070365 0.7236663 0.8508986 0.7529205 0.7489268 0.7988448 0.8136962 1.0351591 0.9071389 0.9319065 0.8023570 0.8361444 0.8222707 0.8062977 0.8254095 0.8709005 0.8622277 0.6576166 0.7145949 0.6717280 0.8610664 0.8746031 0.7909455 0.8675164 0.7640982 0.7560109 0.7764886 0.8742929 0.8198862 0.9008627 0.7455837 0.7840571 0.7582190 0.8245920 0.8512536 0.7749240 0.9307225 0.7437675 0.7370584 0.8501256 0.8570196 0.8415163 0.8657269 0.9112256 0.7651852 0.8380712 0.9215295 1.0172639 0.9469421 0.9639140 0.8418180 0.8035721 0.8024001 0.8076616 0.8659115 0.7688683 1.0561099 1.1026815 1.0447532 0.8704784 0.8400278 0.9358582 1.0600223 1.1138001 0.9616150 0.8617635 0.8305118 0.8326823 0.8370981 
Troglosiro              1.0435526 0.9041965 0.9729107 1.1345499 1.0957418 1.0839561 0.8694027 0.9606030 1.0643452 1.0931000 1.3559688 0.9670611 1.2796968 1.4606876 1.1147421 0.9816117 0.7138709 0.6492544 0.6005592 0.6296283 0.7557014 0.0000000 0.7574150 0.8853503 0.9677050 0.8060889 0.8230942 0.8486524 0.7643704 0.7197673 0.6510865 0.8027002 0.7660475 0.8510866 0.7607341 0.7815576 0.7803803 0.8191582 0.9019354 0.5938703 0.7314254 0.7632234 0.8114360 0.7988342 0.9116360 0.8217132 0.7023550 0.7207908 0.7433597 0.6681769 0.7450533 0.7917092 0.7245539 0.7571305 0.7573119 0.9185715 0.8312521 0.6800461 0.9046972 0.9328522 0.8501792 0.7423502 0.6955294 0.6454513 0.6840467 0.6684734 0.7541414 0.7289311 0.7725128 0.6174579 0.6672755 0.5748757 0.5773532 0.6201527 0.6165915 0.5764422 0.6036476 0.6130982 0.6552809 0.6387183 0.7274073 0.7007026 0.6784283 0.6830393 0.7996878 0.6218899 0.8321881 0.8449121 0.8024196 0.6188451 0.8153866 0.7234168 0.8445440 0.7093772 0.8518334 0.7490132 0.8935471 0.8764680 0.7217595 0.7490414 0.7280698 0.7004661 0.7144516 0.7767433 0.7509409 0.8203743 0.8745266 0.9036960 0.9792345 0.9297276 1.0791905 0.8891212 1.0239159 1.0467777 0.9577443 1.1449855 1.0573125 0.9722632 0.9493530 0.7921656 
Synthetonychia          0.8900645 0.9800397 1.0551677 0.7283511 0.7982180 0.9171646 0.8165456 0.8079253 0.8262183 1.0948580 1.1550988 0.8381454 1.0536619 0.9847435 1.0052443 0.9056201 0.7858521 0.6709767 0.6125413 0.7636811 0.8442831 0.7574150 0.0000000 0.9999359 1.1477118 1.1095396 0.9425624 0.8801890 0.8723783 0.7517187 0.7752441 0.8889642 0.8855543 0.8750677 0.7245850 0.8685446 0.9317880 1.0533799 0.8908472 0.9581299 0.9483814 0.8574667 0.8153812 0.7232474 0.9700189 0.9009590 0.8491636 0.8491636 0.8514777 0.7466379 0.8613992 0.9253263 0.9690510 0.9624120 0.8240902 0.9469047 1.0089523 0.9375746 0.8535070 0.9792131 0.7962912 0.6318152 0.8435357 0.7110727 0.9441929 0.9168238 0.7476038 0.8220871 0.7245291 0.8416029 0.7347134 0.7637742 0.6757553 0.6529542 0.6580243 0.7658445 0.7239885 0.6739325 0.6812924 0.7550538 0.7633514 0.8444346 0.7574353 0.7606165 0.9060963 0.7701514 0.9411764 0.7582499 0.9475662 0.5901426 0.7818026 0.7161003 0.7969513 0.8547618 0.9130836 0.8205396 0.9639518 0.9093648 0.7044704 0.8346991 0.8018150 0.8881586 0.7096614 0.9482393 0.9602799 0.7231419 0.8008381 1.0028299 0.9010441 1.1023869 1.1254005 1.0241767 0.7512003 0.9001653 1.1002176 0.8643821 0.8261183 0.8720732 0.9541283 1.0109960 
Conomma                 1.1102997 1.1384410 1.2268092 1.1080450 1.3250069 1.3869220 1.1945401 1.2073879 1.3082217 1.3805071 1.3440884 1.1992847 1.3692298 1.5553762 1.0037492 0.7361126 0.9526733 1.0320079 1.1179135 0.9664957 0.9661857 0.8853503 0.9999359 0.0000000 0.7124882 0.7282594 0.8337353 0.8209848 0.7986964 0.7227340 0.6486364 0.7092234 0.7476711 0.8461059 0.7381457 0.7069351 0.7101523 0.7982184 0.9191415 0.7054750 0.7341012 0.7287302 0.7342716 0.6860826 0.7395848 0.7227430 0.6613154 0.6558870 0.6397225 0.6123113 0.6357665 0.6468317 0.5632182 0.6667817 0.6572081 0.6848942 0.5980549 0.6591339 0.7905549 0.6291405 0.7863507 0.6415070 0.5896005 0.6729515 0.5922775 0.5687940 0.7471792 0.6052615 0.7227157 0.6952361 0.5784792 0.6809867 0.6574997 0.6433906 0.7464984 0.5773508 0.5808710 0.5921259 0.5670945 0.6843300 0.8115244 0.6567771 0.6415234 0.6622747 0.7187496 0.6916218 0.5235571 0.7224370 0.6693099 0.7401260 0.6432079 0.6439971 0.5615332 0.4935295 0.5655997 0.5111859 1.0442932 0.8991411 0.7772450 0.8816432 0.7496859 0.7655635 0.6944979 0.5860088 0.7389992 0.7599262 0.8180563 0.9532079 0.9678377 0.8230586 0.8180188 0.8311972 1.0885926 1.1116126 0.9130003 1.3139177 1.2216146 1.2667842 1.3831880 0.7250852 
Guasinia                1.1816139 1.3119741 1.1904730 1.5125629 1.4192079 1.2973501 1.3240958 1.3685702 1.2502633 1.6032080 1.3140259 1.1131433 1.5607096 1.6769089 1.6212257 1.0722808 0.8748909 1.0925272 1.1380983 0.8985984 0.9682231 0.9677050 1.1477118 0.7124882 0.0000000 0.6914916 0.6644152 0.6263267 0.4576952 0.6716606 0.5111491 0.6952336 0.6141075 0.6825157 0.6386832 0.5760783 0.6069585 0.5106643 0.5299725 0.5499744 0.5189687 0.6099254 0.6697828 0.7644639 0.7312718 0.6784229 0.7356647 0.7292833 0.6954817 0.6821101 0.7438454 0.7403583 0.6542937 0.7003375 0.6383306 0.7435700 0.6819199 0.7299714 0.9355437 0.7559376 0.7900326 0.8598837 0.8240575 0.8688039 0.8390910 0.8760653 0.9843588 0.9424913 1.0328783 0.9846142 0.7502662 0.8748175 0.8585184 0.8585409 0.8436563 0.7021452 0.7326814 0.7731633 0.8544020 0.8798736 1.0588383 0.8640947 1.0046085 0.9764405 0.8740133 0.7795101 0.6858570 0.8262919 0.7182663 0.7489301 0.8228185 0.6393535 0.7304517 0.7635890 0.7686317 0.9426018 1.2505031 1.1781101 1.0151085 1.1740704 0.9108493 0.9391862 1.0325204 0.8213951 0.8691551 1.0386928 0.8326395 1.0704748 1.1414920 1.0337203 1.0033028 0.8583853 1.4982915 1.4941247 0.8908433 1.4433642 1.2210899 1.2466569 1.6127635 0.9387398 
Icaleptes_DNA104056     1.0332616 1.0941788 1.1595325 1.0313909 1.3793581 1.2998403 1.1154728 1.0852118 1.3207095 1.4427337 1.4916888 1.2480196 1.7696059 1.6934369 1.1941923 0.6918908 1.1019641 0.7849685 0.8950483 0.8564111 1.0462545 0.8060889 1.1095396 0.7282594 0.6914916 0.0000000 0.4779084 0.4746897 0.6366018 0.5926856 0.4481394 0.5226367 0.5349455 0.5227461 0.5133548 0.5177984 0.5881336 0.6766497 0.6763812 0.5240152 0.5725884 0.7094967 0.7812171 0.7705582 0.7554631 0.8072366 0.6210979 0.6296760 0.6257357 0.7160979 0.7596310 0.7741181 0.8163515 0.7085062 0.6278633 0.7770301 0.6674031 0.6524621 0.9402218 0.8335489 0.9795865 0.8001908 0.7695925 0.7957052 0.7386119 0.6324471 0.6825024 0.8370893 0.8010278 0.7031241 0.7271561 0.7861760 0.7506493 0.7014147 0.7017591 0.6951191 0.7051106 0.7133146 0.7619997 0.7319856 0.7531868 0.7639361 0.8147324 0.8532287 0.9199884 0.6881486 0.7532342 0.8554108 0.8963574 0.7234892 0.8604433 0.8471785 0.9160081 0.7739671 0.7380986 0.7348840 1.0215691 1.1775708 0.7756501 0.8133700 0.8145143 0.8047426 0.7913002 0.7811316 0.8037821 0.9092507 0.7385168 0.9394088 0.9498308 0.9135445 1.0851763 0.9882371 1.0012891 1.2576656 0.5785426 1.2390454 1.0339647 1.0813342 1.2162069 0.8596704 
Ethobunus               1.0871367 1.0707637 1.2414945 1.1035957 1.2950914 1.2436280 1.1806959 0.9850529 1.2081874 1.2955042 1.4122316 1.2758746 1.4167823 1.5229864 1.0188310 0.7744747 0.9158004 0.8951069 0.8719484 0.8676923 1.1122977 0.8230942 0.9425624 0.8337353 0.6644152 0.4779084 0.0000000 0.4346451 0.6069772 0.5144782 0.5861401 0.5619210 0.5437177 0.5683211 0.5460491 0.5504654 0.5811979 0.5710736 0.5715236 0.5611040 0.5471363 0.6923845 1.0302389 0.9375123 0.9711080 0.9564915 0.8362368 0.8240735 0.8285030 0.8831661 0.7853137 0.8042940 0.8724409 0.7420971 0.8649132 0.8803138 0.7646250 0.7572875 0.8672079 1.0455010 0.8671317 0.8131506 0.7546173 0.7846650 0.8143305 0.7477674 0.8245036 0.7718254 0.7926116 0.7896840 0.6633862 0.6622278 0.6909866 0.6808254 0.6681418 0.7277282 0.6868958 0.6139560 0.6842312 0.7499355 0.8055501 0.7603846 0.7721681 0.7872202 0.8684115 0.6500521 0.7625367 0.6968876 0.8228630 0.6912204 0.7072298 0.7922261 0.8737720 0.7643149 0.7771419 0.6929787 1.0717080 1.1144551 0.6784351 0.9202825 0.8576476 0.8284682 0.7324951 0.9376809 0.7663930 0.7705129 0.7875029 0.9711548 0.9651392 0.8517283 1.0268671 1.0812992 0.9703469 1.1665427 0.7076149 1.2917934 1.1166785 1.0493102 1.3719165 0.8472867 
Zalmoxis                1.2031535 1.0932779 1.4286611 1.0841563 1.4025143 1.3288169 1.1934674 1.1385905 1.2970391 1.2795419 1.3013702 1.2551523 1.5990044 1.6904756 1.2608086 0.7666557 1.0218952 0.9737922 0.9752660 0.9497795 0.9296521 0.8486524 0.8801890 0.8209848 0.6263267 0.4746897 0.4346451 0.0000000 0.5538632 0.5528823 0.6164848 0.5203412 0.4691364 0.4959832 0.4871982 0.5139206 0.4517719 0.5793428 0.6074400 0.5024543 0.5703179 0.6541353 0.7356296 0.7046633 0.8729645 0.7906866 0.5809251 0.5850829 0.5689915 0.7849955 0.8550624 0.8792246 0.7166665 0.7347227 0.7410727 0.7824445 0.6994785 0.6864422 0.9034110 0.8201322 0.8537065 0.6709422 0.7107506 0.7547963 0.7185387 0.7489703 0.7278265 0.7634813 0.6908281 0.6473846 0.7221177 0.7243363 0.7222720 0.7131592 0.7040949 0.6276398 0.6964479 0.6156526 0.6618816 0.6408477 0.8125808 0.6763084 0.7473052 0.7712905 0.8316280 0.6352318 0.6925341 0.7278177 0.8091959 0.6989582 0.7410698 0.6998547 0.7664763 0.7741955 0.8037363 0.7744767 1.1025834 1.2552138 0.7609832 0.8226223 0.6420934 0.7878469 0.6319778 0.6908921 0.7234098 0.7193385 0.7810966 1.0799191 0.9811050 0.9183582 1.1091191 0.8334863 0.9881115 1.2159886 0.5864133 1.0984231 1.1110725 1.0350138 1.2347070 0.7938665 
Kimula                  1.1013789 1.1128818 1.2209536 0.9561005 1.1368846 1.1053168 1.2723951 1.0712064 1.1530342 1.1226920 1.0995199 0.9314021 1.3164426 1.4094686 1.3118168 0.8677832 0.7902019 0.8997729 0.9073330 1.0431847 0.9182331 0.7643704 0.8723783 0.7986964 0.4576952 0.6366018 0.6069772 0.5538632 0.0000000 0.4811570 0.5656225 0.4186906 0.4575041 0.4651633 0.4334429 0.5325870 0.4846416 0.4587715 0.4729801 0.4429232 0.4118026 0.6567369 0.8123238 0.7781816 0.9485976 0.8735141 0.7639882 0.7726715 0.7748409 0.7427844 0.6450499 0.6470005 0.7558694 0.7108023 0.6603972 0.7737943 0.7753729 0.7290723 0.8423871 0.8159670 0.7521108 0.7173464 0.7344587 0.7829081 0.6840324 0.7432119 0.6819197 0.6461067 0.8051628 0.6382161 0.6607698 0.6089729 0.6903010 0.7061177 0.6748985 0.5864851 0.6344612 0.5533328 0.6111218 0.7274354 0.8107618 0.6947374 0.6432369 0.6547295 0.8159614 0.7068638 0.7227436 0.8741129 0.6869249 0.7651012 0.7147751 0.6496034 0.5996976 0.6780335 0.6608874 0.7343351 1.1093103 0.9810027 0.7302274 0.8924021 0.6918256 0.7246476 0.6747498 0.8037047 0.7466741 0.8521405 0.8882525 1.0095540 0.9683412 0.9732241 0.9956991 0.8233662 1.1498969 1.1174217 0.6640498 1.2753278 1.2481441 1.3501046 1.2131330 0.7904192 
Stygnomma               1.3450144 0.8642745 1.1078314 0.8585643 1.1377286 1.1119452 0.8775675 0.9373864 0.8837983 1.0184020 1.1987352 0.9554701 1.3773520 1.4065471 1.0829018 0.9057040 0.8654772 0.8341855 0.7900827 0.8435524 0.8038098 0.7197673 0.7517187 0.7227340 0.6716606 0.5926856 0.5144782 0.5528823 0.4811570 0.0000000 0.3831924 0.4015398 0.4127967 0.4086606 0.4192454 0.4403847 0.4794959 0.6110252 0.5559445 0.4049253 0.5304740 0.5819465 0.8106373 0.6918868 0.7723494 0.7433668 0.5328706 0.5285413 0.5308422 0.6392253 0.6443608 0.6848230 0.7410937 0.6941272 0.6636825 0.7066089 0.7124147 0.6260640 0.7703763 0.8210442 0.6812402 0.7207843 0.6464757 0.6164211 0.7483147 0.5943092 0.6541789 0.6631494 0.7315913 0.6167668 0.6150237 0.5396607 0.6080272 0.5664922 0.5852729 0.5729371 0.5064801 0.6069328 0.6277542 0.6877957 0.7324297 0.6549203 0.5843909 0.5881492 0.7029746 0.5750123 0.8173589 0.6751828 0.8028918 0.6289898 0.6844395 0.6342115 0.7338171 0.6550413 0.6960267 0.6209649 0.7800121 0.9051213 0.5911675 0.7121687 0.6829058 0.7509878 0.6271260 0.7226062 0.7423561 0.5930735 0.6657436 0.9819195 0.8457721 0.8308173 0.9164828 0.8700277 0.8115905 1.0082072 0.6362465 0.8715568 0.9451418 0.9815639 1.0940627 0.7756837 
Baculigerus             1.0030363 0.9098645 0.9155078 0.7575897 0.9021328 1.0084916 0.8479078 0.8703530 0.8995700 1.1850211 1.1688226 0.6987880 1.1581881 1.2557175 1.0731432 0.8322418 0.7603005 0.7364597 0.7037370 0.6800478 0.7105037 0.6510865 0.7752441 0.6486364 0.5111491 0.4481394 0.5861401 0.6164848 0.5656225 0.3831924 0.0000000 0.4781260 0.4306917 0.4156099 0.4732075 0.4681762 0.4846683 0.5632939 0.5222180 0.4396753 0.5267785 0.6040228 0.6615713 0.6388405 0.7692103 0.7405964 0.5452082 0.5405304 0.5211660 0.5511733 0.6386910 0.6342209 0.6636516 0.5838052 0.5987740 0.6576775 0.6255402 0.4584914 0.8038604 0.7509360 0.8259216 0.6107796 0.6014337 0.6644784 0.6800933 0.5932455 0.6748913 0.6834098 0.6168251 0.5553818 0.5463819 0.6237868 0.4830718 0.4706012 0.5712366 0.5423971 0.5179973 0.4810530 0.5277529 0.6402439 0.7572841 0.6858773 0.6208738 0.6184421 0.7394893 0.5647428 0.6379177 0.6898472 0.8013845 0.6035104 0.7123610 0.6401458 0.6847431 0.6388562 0.6112185 0.6280654 0.7447190 0.8737453 0.7546240 0.6165011 0.6615233 0.7615047 0.6946828 0.7242857 0.7716791 0.6822918 0.6174033 0.8360815 0.6838625 0.7199858 0.8858211 0.7208256 0.8555941 1.0772618 0.6745057 1.1876505 0.9370870 1.0040447 0.8970552 0.6432984 
Stenostygnus_DNA104848  1.1561583 1.0469677 1.1480508 1.0598504 1.0869415 1.0412915 0.9844989 0.8794484 0.9759616 1.0888541 1.1331385 0.8877881 1.3855657 1.4546558 1.0249922 0.8461698 0.9240260 0.7887544 0.8091105 0.8765866 0.8336894 0.8027002 0.8889642 0.7092234 0.6952336 0.5226367 0.5619210 0.5203412 0.4186906 0.4015398 0.4781260 0.0000000 0.2815199 0.2821020 0.2878903 0.3862065 0.3540078 0.4262596 0.4204758 0.4134409 0.4507666 0.6215536 0.7615030 0.7382695 0.7612293 0.7642059 0.5842241 0.5910343 0.5802790 0.6507063 0.6712798 0.6748785 0.5862113 0.5924125 0.6090923 0.6006553 0.7213693 0.5706279 0.7111772 0.8205595 0.6413410 0.6524305 0.5674343 0.6890735 0.6410738 0.5838436 0.5951357 0.6624800 0.6087915 0.6013579 0.6032637 0.5877747 0.5702451 0.5112740 0.5073980 0.5754350 0.6126262 0.6140717 0.6686767 0.5972737 0.7013014 0.6594648 0.5396078 0.5389441 0.6059257 0.6114006 0.6848967 0.7288009 0.7185388 0.7147634 0.7431199 0.7344456 0.6605614 0.6432458 0.7903140 0.6818567 0.7474636 0.9029125 0.5715727 0.6791478 0.5864764 0.7357700 0.6182705 0.6770456 0.7014060 0.6767397 0.8031576 0.8401072 0.7794051 0.9153863 0.9159654 0.8409681 0.8716177 0.9578768 0.5798953 1.2050792 0.9738649 1.0362968 1.0902242 0.9407985 
